org_id remap_id
12550284 0
9464034 1
49099434 2
9068163 3
45811541 4
48025170 5
21904911 6
2355345 7
4526849 8
37852641 9
9476302 10
3652424 11
29510951 12
10131472 13
3118797 14
5770237 15
32003531 16
35523324 17
46662296 18
42557782 19
40544917 20
12173318 21
9633104 22
5586821 23
2053829 24
6897149 25
29143653 26
2545482 27
8074487 28
5845628 29
12392073 30
28130648 31
5881844 32
14254785 33
9883162 34
3844738 35
10302973 36
18524950 37
5485792 38
31425994 39
49545710 40
10800485 41
41860496 42
6318009 43
49356922 44
5140051 45
36193787 46
6861989 47
38449757 48
33380290 49
30959967 50
2837109 51
18754079 52
28786341 53
13073035 54
3813310 55
29598326 56
39921368 57
8848839 58
49341149 59
46088263 60
2960978 61
6960800 62
48905164 63
4721203 64
8726023 65
9376796 66
28434851 67
32845761 68
45918182 69
9409295 70
7015143 71
45363681 72
11890348 73
38326022 74
10864462 75
14716255 76
15091067 77
19677447 78
11791542 79
11049812 80
13981977 81
28340086 82
33818242 83
14397859 84
10618844 85
20463509 86
30071705 87
11983653 88
8693580 89
5531691 90
10238234 91
1057326 92
37002396 93
40267030 94
3488086 95
5020361 96
37260239 97
26921421 98
16868344 99
4528469 100
2926866 101
1038987 102
6480542 103
17569520 104
14527096 105
24214799 106
40524896 107
7442349 108
35136523 109
48622485 110
15575701 111
7098195 112
28906171 113
18429112 114
2945101 115
25632335 116
7249173 117
25800075 118
29260040 119
36839531 120
35877807 121
36344155 122
40834983 123
5465140 124
49710395 125
21335416 126
2390613 127
47218978 128
47742800 129
5608165 130
47883685 131
2025998 132
49602385 133
37682174 134
17499877 135
45140309 136
8997915 137
48543672 138
2058501 139
41732122 140
19393819 141
7434248 142
14810974 143
26371061 144
2643898 145
21525006 146
10287049 147
11595650 148
31889642 149
49396730 150
10207970 151
49619126 152
46770444 153
22036704 154
33848690 155
8569890 156
37489665 157
12252084 158
15090277 159
20821167 160
22780414 161
15822761 162
2221168 163
24993266 164
49323410 165
49424506 166
49431949 167
3184822 168
29482080 169
27859327 170
4324328 171
22195552 172
3120441 173
49015054 174
14711617 175
2468817 176
4100695 177
37226194 178
35694033 179
12275211 180
49849467 181
28827988 182
16502506 183
21583725 184
41185922 185
22561346 186
49191236 187
48561964 188
6621969 189
20835906 190
27856079 191
5693071 192
40001118 193
16764461 194
37344127 195
42413910 196
25277914 197
5057042 198
42271526 199
45727825 200
4765474 201
10442493 202
20371806 203
30101737 204
4677453 205
30904481 206
20358802 207
21690979 208
48522853 209
3234031 210
3411508 211
47537384 212
17532860 213
2603703 214
32807071 215
9835719 216
35631376 217
8415414 218
48084137 219
8319208 220
9055716 221
31322169 222
10676246 223
7931518 224
9008104 225
14716866 226
28518677 227
7044712 228
36216281 229
2831957 230
30360025 231
21522275 232
28575763 233
9410411 234
2436697 235
10803271 236
28701083 237
47458437 238
7198121 239
49430441 240
48889878 241
34093317 242
3501214 243
11880627 244
9056913 245
6585657 246
3875408 247
40105375 248
3125526 249
36485444 250
31669611 251
8835861 252
46781949 253
29460449 254
4077081 255
2766072 256
12109824 257
12837915 258
41027394 259
2461590 260
42445481 261
46782731 262
3253098 263
24176437 264
12100748 265
6912930 266
21707280 267
40383899 268
3733393 269
28295560 270
48589195 271
34521765 272
17116372 273
30880269 274
6519087 275
6976598 276
11937506 277
21877099 278
3617622 279
2065629 280
4921172 281
4529441 282
35220471 283
36929667 284
3699283 285
28452640 286
4751236 287
2458247 288
47170967 289
14495454 290
30037105 291
7974302 292
18330029 293
49568300 294
7125895 295
28992227 296
27290147 297
24987659 298
13363391 299
48279064 300
41190092 301
14290949 302
49434918 303
28478761 304
7401666 305
38515729 306
19238927 307
37229952 308
5360019 309
4082714 310
7169026 311
2561450 312
9898749 313
21543463 314
39663513 315
4900751 316
9844355 317
48962980 318
7720017 319
2634902 320
25626318 321
13970133 322
19905059 323
16754219 324
2221511 325
3552608 326
4403544 327
35962581 328
45737269 329
39964628 330
37307046 331
16895219 332
48611091 333
37673640 334
16637344 335
47667749 336
10207180 337
3522588 338
15568999 339
25445598 340
6137165 341
2656256 342
27345756 343
6969826 344
8549960 345
6594147 346
11491895 347
33141897 348
2358362 349
38040305 350
15120279 351
3175931 352
29596143 353
13823616 354
47885122 355
26335114 356
20618067 357
37588537 358
39415865 359
7446872 360
48722306 361
12105574 362
5550399 363
49547209 364
32793144 365
38322386 366
49782250 367
26997111 368
27885906 369
35258003 370
34906792 371
19363720 372
48324331 373
13225494 374
7400286 375
38749284 376
38058048 377
47932729 378
13921209 379
31819065 380
2913880 381
15726469 382
35180646 383
20263194 384
47701355 385
49620730 386
5360866 387
8270884 388
42808631 389
33872060 390
10026608 391
5687186 392
33208993 393
12993819 394
38914176 395
35673011 396
41129625 397
6965997 398
8778287 399
10583572 400
7970783 401
2598469 402
37093195 403
30229728 404
17980045 405
49806748 406
4101877 407
47433559 408
20524000 409
7256184 410
2968628 411
38637702 412
5295113 413
26369337 414
29909608 415
23949558 416
6415152 417
15239511 418
39903140 419
5433063 420
17618449 421
15297230 422
34303450 423
5808940 424
4323046 425
33936377 426
6999601 427
29233891 428
4954466 429
49668427 430
23608156 431
2638954 432
37437103 433
7826508 434
38559649 435
35023195 436
24955215 437
47557565 438
10237824 439
15896465 440
10034605 441
22094892 442
34074446 443
48713881 444
24095679 445
6504926 446
7387834 447
10269768 448
8663948 449
21091558 450
1061441 451
18374303 452
11161844 453
7064438 454
10389633 455
15289360 456
31364119 457
30633464 458
49226184 459
2430161 460
36540125 461
21616005 462
6693832 463
2024417 464
11483666 465
33258080 466
2763552 467
18996400 468
33729458 469
17732875 470
16874250 471
5579873 472
16342246 473
4621316 474
10086625 475
48281671 476
42454453 477
24572131 478
15473513 479
36837883 480
30478324 481
33749058 482
49161188 483
4795790 484
3082665 485
49491204 486
29257853 487
48301171 488
48231272 489
45473404 490
11764657 491
41964445 492
35536372 493
49964534 494
12915773 495
3819305 496
39732749 497
10631473 498
45801901 499
36993728 500
13610438 501
4090039 502
3443508 503
17903621 504
23699099 505
30587148 506
25211170 507
14255820 508
40718753 509
11143503 510
5480318 511
3239305 512
2630583 513
47208543 514
30311678 515
49687721 516
2445353 517
48810938 518
6816400 519
26214420 520
9009031 521
31866132 522
39745584 523
26002137 524
4640821 525
11100192 526
47458320 527
18024832 528
47566251 529
49834096 530
19535649 531
41710946 532
27487660 533
36562886 534
33111930 535
13656430 536
2922162 537
7626040 538
49370968 539
19515447 540
4937291 541
28774732 542
9402181 543
45450733 544
29314416 545
31980133 546
37605637 547
11578635 548
46967106 549
46916195 550
22398508 551
41605219 552
19384843 553
19047644 554
25188250 555
6477858 556
12905560 557
7830209 558
45721546 559
49622289 560
24395155 561
49172222 562
2773174 563
45620654 564
5795320 565
3219538 566
41845081 567
20011105 568
10444660 569
14127209 570
11092087 571
10865940 572
19784513 573
13658592 574
5919925 575
5574945 576
26806794 577
11418386 578
2957754 579
21691005 580
49371718 581
34132362 582
30463978 583
25939935 584
11576929 585
37887261 586
49833688 587
31155983 588
15397094 589
26931889 590
12644805 591
34524551 592
4113814 593
7457821 594
31336659 595
3895957 596
39028396 597
25158220 598
18549818 599
45404392 600
28258981 601
36867781 602
4413374 603
47480440 604
10939344 605
6001793 606
49543920 607
42101195 608
2327961 609
3354083 610
40758769 611
42344110 612
47432468 613
35863371 614
35863594 615
40220081 616
47509148 617
35863942 618
34943997 619
41453480 620
4838552 621
25031709 622
4870655 623
25843939 624
10807801 625
33014417 626
3476223 627
5201852 628
2912999 629
7962755 630
24212777 631
30684077 632
7495990 633
48938079 634
35128791 635
49373485 636
8245204 637
46035881 638
42692798 639
18209142 640
48969907 641
48354441 642
13633526 643
3586593 644
6662699 645
28720487 646
33414772 647
3982941 648
49392017 649
3509849 650
22448527 651
4078927 652
24120911 653
30006468 654
34662107 655
11833769 656
15206792 657
9905531 658
49292495 659
28422164 660
4835954 661
47712918 662
3928937 663
2603223 664
2197593 665
3914626 666
49625245 667
10316220 668
46992247 669
48789128 670
34604130 671
8735512 672
47239282 673
39602307 674
48405755 675
7406377 676
39054921 677
18932836 678
48881492 679
27052890 680
27483400 681
39734595 682
13341453 683
10663656 684
5531696 685
45467488 686
2673926 687
6742654 688
49766188 689
41856385 690
30926604 691
2673184 692
11608807 693
13440903 694
37819107 695
45157304 696
45242159 697
15512211 698
15906393 699
11133871 700
32774723 701
21709309 702
4347227 703
5087412 704
11751154 705
23908125 706
5597594 707
31592446 708
12799066 709
6585020 710
45396562 711
32857605 712
34243484 713
19380895 714
48096980 715
19926299 716
32155901 717
2813453 718
9958349 719
47811552 720
13519253 721
4716150 722
21056175 723
35848511 724
11938369 725
39325246 726
49709559 727
34363219 728
47952880 729
47181551 730
7915210 731
49473970 732
29838395 733
48497376 734
39106813 735
9200843 736
48665261 737
46886531 738
7447967 739
49154037 740
3990220 741
24528988 742
31380238 743
48900862 744
32317075 745
11181061 746
14307001 747
46046243 748
12386950 749
47975490 750
3330981 751
4472273 752
40023907 753
27710549 754
6990273 755
31562233 756
31871539 757
2140839 758
25244802 759
17063139 760
15949456 761
32603650 762
49569024 763
30433960 764
38782188 765
47885715 766
48148930 767
1039355 768
13379056 769
2057125 770
3741431 771
47992482 772
10633452 773
10374520 774
48506977 775
2567311 776
18139511 777
49410325 778
40505193 779
48042997 780
14547699 781
18302784 782
8542221 783
27150144 784
13952723 785
49869998 786
48568884 787
43047889 788
19791952 789
8130305 790
48543236 791
22056817 792
37365045 793
8477090 794
5219661 795
27520252 796
45675238 797
49079071 798
2428588 799
22657340 800
47319159 801
47550305 802
48920023 803
7575925 804
34938353 805
37652625 806
2204896 807
6421852 808
27944165 809
8648939 810
16774456 811
49604153 812
11148411 813
48249462 814
48868484 815
49562786 816
42823241 817
20077026 818
47173243 819
46632462 820
11826599 821
10835250 822
3383323 823
9044777 824
4970889 825
3313363 826
25967930 827
8598681 828
34744468 829
49160260 830
6241859 831
48949682 832
49264938 833
45720777 834
36321005 835
37725277 836
2470276 837
40968510 838
39752291 839
9833622 840
48798126 841
3633283 842
33348962 843
49548993 844
20977821 845
49077625 846
6769147 847
37240117 848
49310008 849
46589812 850
47291046 851
36031076 852
48355449 853
19514235 854
21238472 855
14903181 856
29382238 857
33155382 858
25945542 859
48007324 860
3678813 861
4207925 862
5329928 863
49127689 864
45784861 865
10939943 866
29853805 867
49198417 868
17653089 869
2178864 870
41719569 871
14159090 872
2769761 873
16425583 874
42858804 875
48950246 876
34801504 877
18689377 878
18653020 879
22277727 880
12589097 881
33924850 882
13199221 883
45452561 884
14264988 885
42418564 886
6359368 887
10997460 888
2430646 889
41820849 890
7063993 891
26688354 892
4822375 893
6913301 894
37881021 895
8743655 896
24804317 897
3386594 898
31858807 899
16704178 900
6869400 901
49904151 902
32065484 903
7401116 904
5181917 905
7999450 906
7097083 907
48148226 908
12418177 909
47709871 910
14937746 911
48547261 912
32717381 913
47843793 914
37068954 915
3082039 916
2439159 917
6145630 918
7353409 919
5078214 920
4733422 921
17666163 922
25088314 923
18118583 924
36916794 925
3933148 926
49367883 927
5381765 928
37285221 929
45702663 930
34452553 931
48696130 932
24869068 933
28744068 934
48554521 935
3222945 936
16535534 937
48130671 938
39082015 939
49227851 940
45234153 941
27028046 942
46767874 943
9000603 944
47252259 945
6979525 946
49307493 947
5445628 948
49331710 949
36502093 950
6012118 951
5987480 952
48170799 953
9338223 954
36419663 955
5784365 956
13596449 957
12794672 958
30082774 959
5616141 960
34344221 961
48562720 962
9734962 963
38412973 964
13666873 965
47599997 966
26864646 967
7549638 968
9471271 969
40262075 970
43057107 971
32732261 972
48639334 973
2490806 974
48568692 975
2606280 976
22700815 977
36798804 978
9685377 979
9757393 980
22089672 981
2506092 982
18372668 983
2714874 984
11541773 985
28725227 986
2008052 987
10072968 988
43016882 989
45268748 990
13441741 991
3563026 992
42489867 993
4805351 994
8173528 995
8935596 996
34630433 997
47150729 998
24770784 999
28853806 1000
40873171 1001
22739356 1002
33730692 1003
37517704 1004
17612291 1005
47482141 1006
7227458 1007
2692780 1008
2156233 1009
7169200 1010
2787461 1011
6370703 1012
16605659 1013
7933898 1014
39515158 1015
32719718 1016
27015182 1017
49131891 1018
34240463 1019
2388381 1020
47657332 1021
14801949 1022
7849968 1023
16001072 1024
2472334 1025
21484903 1026
49873392 1027
35290554 1028
47044752 1029
31304761 1030
48936981 1031
6261402 1032
3198941 1033
49711923 1034
18046307 1035
2231202 1036
5899853 1037
21170837 1038
4752231 1039
6840395 1040
8972289 1041
22252622 1042
7422722 1043
4984194 1044
47558362 1045
25228265 1046
14451478 1047
34986513 1048
31363876 1049
8962072 1050
40377663 1051
8352687 1052
48008610 1053
30633218 1054
11691262 1055
13763686 1056
34348753 1057
45993959 1058
2222973 1059
4763748 1060
35120409 1061
49278207 1062
4984971 1063
41862746 1064
13919785 1065
40867199 1066
2665624 1067
20236259 1068
20285060 1069
12165185 1070
6742388 1071
49255530 1072
48375593 1073
6599803 1074
15669175 1075
36979322 1076
46157897 1077
30390161 1078
1053214 1079
23015272 1080
30091960 1081
3392237 1082
40013924 1083
47383873 1084
7769340 1085
6669310 1086
41926454 1087
20830440 1088
48622542 1089
7536755 1090
8167659 1091
13622931 1092
32634658 1093
30533014 1094
21333054 1095
1052995 1096
12318622 1097
37808782 1098
22433044 1099
46193431 1100
49083666 1101
3288496 1102
45443139 1103
49496781 1104
2342669 1105
4185060 1106
7386875 1107
20851041 1108
30166733 1109
2469956 1110
32235293 1111
32077337 1112
42355287 1113
40423444 1114
7925466 1115
14106918 1116
49798384 1117
35273184 1118
49529526 1119
3105579 1120
46584796 1121
13058919 1122
49701060 1123
22430125 1124
19098027 1125
4246992 1126
48724651 1127
2188192 1128
9384487 1129
21371330 1130
27353423 1131
9789771 1132
45812099 1133
3130918 1134
36912119 1135
15959619 1136
49598340 1137
18028690 1138
34534028 1139
38979243 1140
47805731 1141
2101973 1142
10371584 1143
28005581 1144
35181980 1145
15763839 1146
47520348 1147
41663317 1148
40956386 1149
13137897 1150
49053732 1151
33133114 1152
42105094 1153
32249764 1154
3316541 1155
32143085 1156
45691703 1157
4596949 1158
22308692 1159
24905762 1160
15833036 1161
49176010 1162
35885347 1163
3316093 1164
2589848 1165
42454619 1166
6608179 1167
11828729 1168
24239498 1169
47965057 1170
7264988 1171
11348495 1172
7875299 1173
20303235 1174
16156558 1175
48798951 1176
7990067 1177
47307417 1178
3976504 1179
6083711 1180
9154985 1181
39241090 1182
46079628 1183
28528518 1184
49514984 1185
9238538 1186
18134986 1187
48587748 1188
9784899 1189
31683879 1190
6012242 1191
35451687 1192
3958910 1193
3324591 1194
2998670 1195
11580426 1196
11036325 1197
4881349 1198
17426999 1199
32090733 1200
36309444 1201
6635198 1202
3381597 1203
5302167 1204
40468184 1205
49128849 1206
2479037 1207
49566156 1208
19987542 1209
48089008 1210
17272211 1211
46399662 1212
18351090 1213
5119565 1214
49731042 1215
12750242 1216
19875671 1217
13433028 1218
3853883 1219
38173919 1220
39728317 1221
48249670 1222
12233149 1223
3465534 1224
17791416 1225
46780515 1226
48801023 1227
49678152 1228
14724947 1229
36444630 1230
24093951 1231
6459957 1232
5512663 1233
7828021 1234
5820208 1235
8120543 1236
33680809 1237
49774644 1238
15580590 1239
48485899 1240
49969128 1241
40048499 1242
7832583 1243
16534772 1244
40829711 1245
8803518 1246
4652884 1247
7186128 1248
9064854 1249
11178961 1250
37686720 1251
19066902 1252
9069685 1253
12735081 1254
2413235 1255
1065252 1256
48280538 1257
3053934 1258
41778085 1259
13933897 1260
6825468 1261
26454828 1262
11915001 1263
12152102 1264
10390473 1265
8490740 1266
32556224 1267
38424388 1268
48352465 1269
1037776 1270
47315967 1271
36619031 1272
2511742 1273
11019349 1274
11969358 1275
41696853 1276
6870153 1277
5665265 1278
31368384 1279
3657968 1280
13264920 1281
13602442 1282
16654716 1283
49288945 1284
48176086 1285
9801583 1286
21729739 1287
19124167 1288
42013086 1289
1023672 1290
22577345 1291
22419008 1292
3804353 1293
2492485 1294
37858833 1295
8757949 1296
35155652 1297
22151011 1298
46910039 1299
25494423 1300
38926634 1301
36876411 1302
48479556 1303
12078056 1304
48136782 1305
7221204 1306
2944710 1307
20336572 1308
9132119 1309
4486819 1310
2502675 1311
29623901 1312
8097617 1313
11555901 1314
9415485 1315
45902421 1316
14542076 1317
9540362 1318
3202420 1319
40971723 1320
49637243 1321
19916568 1322
41068071 1323
27875325 1324
5635918 1325
3273714 1326
19940054 1327
20488445 1328
11704841 1329
5571983 1330
29100850 1331
17908489 1332
6117615 1333
28423652 1334
2363599 1335
20570494 1336
8567801 1337
35316811 1338
34880555 1339
7834826 1340
24485142 1341
26122102 1342
25654180 1343
41508433 1344
27958596 1345
10573814 1346
48552364 1347
34117646 1348
47597976 1349
49793689 1350
38561141 1351
32956691 1352
4620850 1353
12062539 1354
15852355 1355
12885595 1356
25644981 1357
45662228 1358
20059531 1359
33871715 1360
46918484 1361
2751674 1362
10179954 1363
23519076 1364
7823865 1365
7871887 1366
39062368 1367
40219326 1368
16119133 1369
15852231 1370
2648746 1371
36845330 1372
47340382 1373
19478364 1374
6624448 1375
48664741 1376
4783959 1377
3053025 1378
37686359 1379
21927210 1380
10031292 1381
21900884 1382
38555071 1383
14532393 1384
3741458 1385
6551295 1386
30018277 1387
49346252 1388
3271206 1389
11128469 1390
7851565 1391
18136515 1392
43093256 1393
2594168 1394
10887831 1395
4548084 1396
5978680 1397
37236646 1398
20495875 1399
45216694 1400
21132124 1401
34554484 1402
25963319 1403
4784518 1404
16121905 1405
4915197 1406
20495070 1407
13974688 1408
31337243 1409
31352518 1410
49330780 1411
49787981 1412
6818137 1413
5100223 1414
27624624 1415
21664131 1416
42803107 1417
5214586 1418
18699511 1419
2732214 1420
47194261 1421
3495412 1422
4611980 1423
6794287 1424
21128875 1425
21101965 1426
48718975 1427
13956922 1428
48707758 1429
38064479 1430
48684391 1431
47764981 1432
48646772 1433
47456719 1434
36153126 1435
45914176 1436
2965916 1437
49221579 1438
12614732 1439
12418924 1440
49443281 1441
49586015 1442
12462377 1443
5009412 1444
45641692 1445
11589643 1446
33447959 1447
5775038 1448
48550012 1449
15045365 1450
9381078 1451
5400607 1452
20891634 1453
10416537 1454
21096947 1455
48274321 1456
49662792 1457
26838141 1458
13908303 1459
32454447 1460
14517466 1461
48797823 1462
9509918 1463
3835436 1464
30468857 1465
20938143 1466
28559612 1467
16900376 1468
12196537 1469
47038800 1470
38646827 1471
48111305 1472
33121521 1473
42298005 1474
6048752 1475
7008575 1476
14721840 1477
5822664 1478
30550868 1479
12300407 1480
46340666 1481
49564439 1482
12904923 1483
9077608 1484
11600003 1485
24308989 1486
24792838 1487
36578647 1488
14119510 1489
25720823 1490
49748656 1491
48254096 1492
30113007 1493
19709791 1494
39541365 1495
10407066 1496
34733254 1497
38876434 1498
3397013 1499
35228896 1500
34862589 1501
47458312 1502
8451831 1503
33580537 1504
2599675 1505
32757821 1506
36033311 1507
26982461 1508
12159497 1509
41715286 1510
47830714 1511
25546997 1512
27107577 1513
49581654 1514
14996097 1515
4682113 1516
13049119 1517
48398691 1518
3317899 1519
29941446 1520
15626065 1521
40101321 1522
22632072 1523
48479495 1524
28274700 1525
49468871 1526
5161939 1527
4650569 1528
2675823 1529
6523098 1530
43047922 1531
42352494 1532
31628470 1533
3959853 1534
49430695 1535
15768225 1536
39100010 1537
15593308 1538
49864485 1539
9061334 1540
29289220 1541
6233904 1542
3462939 1543
8800774 1544
11620781 1545
49114788 1546
28437040 1547
7133941 1548
5872145 1549
22270307 1550
17348128 1551
39945611 1552
10474751 1553
3756985 1554
32015021 1555
49823475 1556
35515205 1557
40476789 1558
30452705 1559
8940954 1560
6698074 1561
5642094 1562
5462735 1563
31975554 1564
49508043 1565
30714619 1566
29025633 1567
3118590 1568
2368681 1569
15609486 1570
18799361 1571
8742515 1572
9125565 1573
38994149 1574
21732924 1575
6808691 1576
48811242 1577
2391548 1578
12377848 1579
5835405 1580
2303531 1581
4959174 1582
22429310 1583
11250528 1584
23477189 1585
36194266 1586
2702165 1587
40974275 1588
14317794 1589
13711756 1590
31901269 1591
5189592 1592
8891243 1593
23439531 1594
7943653 1595
40841828 1596
6157092 1597
8214216 1598
11724818 1599
3621267 1600
11559496 1601
24932837 1602
11775059 1603
48051153 1604
31532445 1605
18729029 1606
8915534 1607
11200839 1608
24202962 1609
41105603 1610
38089858 1611
28148011 1612
48831749 1613
12660321 1614
9483306 1615
20268142 1616
5407547 1617
27797059 1618
23064395 1619
15378263 1620
14678178 1621
5610690 1622
8001806 1623
4642383 1624
32522814 1625
21424801 1626
40929182 1627
45841566 1628
21987524 1629
31150085 1630
45238163 1631
4941050 1632
19901553 1633
45601659 1634
34684236 1635
4666082 1636
42836449 1637
37896150 1638
47914138 1639
37175210 1640
49353833 1641
36342170 1642
8710515 1643
45140222 1644
42005243 1645
21373384 1646
13047080 1647
24058309 1648
32192299 1649
40547927 1650
30140883 1651
3965715 1652
16803861 1653
8294755 1654
2233978 1655
22582816 1656
12568269 1657
49446836 1658
30526200 1659
49786767 1660
23726161 1661
6016221 1662
40832690 1663
3848240 1664
34776385 1665
6005500 1666
30566530 1667
6363147 1668
26481208 1669
27018397 1670
29139582 1671
3492400 1672
6370964 1673
2020795 1674
25461551 1675
19924094 1676
49633491 1677
16606219 1678
15704771 1679
5046768 1680
10208219 1681
34824997 1682
33034768 1683
49005575 1684
23746870 1685
3035637 1686
15643465 1687
1001190 1688
30173125 1689
35507298 1690
49407648 1691
40005065 1692
46636677 1693
49569064 1694
12627231 1695
39746203 1696
9573645 1697
47395388 1698
17507088 1699
2996013 1700
39607370 1701
28010674 1702
25967186 1703
12768191 1704
16245456 1705
4974129 1706
17211462 1707
13797218 1708
24835155 1709
40829948 1710
5684700 1711
49552209 1712
18888714 1713
25628729 1714
5122040 1715
6365596 1716
19958879 1717
6539659 1718
34036969 1719
49936985 1720
3030398 1721
5527020 1722
4030169 1723
5262257 1724
2963767 1725
2753671 1726
25538843 1727
21936734 1728
5780514 1729
3829453 1730
47660977 1731
33229230 1732
29132773 1733
7196704 1734
7311077 1735
5580354 1736
18442406 1737
36227210 1738
2763660 1739
3192932 1740
7669786 1741
3341302 1742
32700276 1743
5185747 1744
3495324 1745
9490166 1746
13612286 1747
17117764 1748
16132297 1749
22281904 1750
19378319 1751
21713267 1752
47707816 1753
46806260 1754
10133658 1755
35976817 1756
5103678 1757
18440758 1758
48502689 1759
5899728 1760
24856261 1761
48597002 1762
6432520 1763
21842861 1764
28062956 1765
27172466 1766
18442219 1767
4796680 1768
48635063 1769
29860090 1770
5928097 1771
40371904 1772
39772046 1773
16017626 1774
30065586 1775
48681202 1776
28537278 1777
31733234 1778
5987155 1779
21319574 1780
4706398 1781
7891984 1782
14204701 1783
4697812 1784
47237013 1785
10643590 1786
31376260 1787
27719970 1788
4675490 1789
7565000 1790
14108304 1791
21308370 1792
6229783 1793
48164343 1794
41263594 1795
9736592 1796
19756586 1797
40512767 1798
49504437 1799
8184880 1800
8747576 1801
38221642 1802
10909787 1803
4745125 1804
12600817 1805
47653094 1806
24663515 1807
5043707 1808
7318504 1809
7314089 1810
13742447 1811
33280261 1812
3171194 1813
28509309 1814
20942623 1815
22358480 1816
47035620 1817
9081440 1818
45900460 1819
42396087 1820
8028594 1821
48569167 1822
47296779 1823
19677145 1824
48811648 1825
6394337 1826
10330295 1827
28899545 1828
11561969 1829
9447202 1830
49361021 1831
5700688 1832
49042695 1833
20773699 1834
5332606 1835
20660423 1836
18888811 1837
45628092 1838
49204771 1839
10840553 1840
29539621 1841
38142906 1842
8856533 1843
14291090 1844
33259220 1845
26825179 1846
45546561 1847
3185647 1848
19952532 1849
49395559 1850
6010266 1851
4129382 1852
48300693 1853
10633987 1854
49897870 1855
3613220 1856
6432676 1857
48967288 1858
4154396 1859
3249737 1860
34022573 1861
30519107 1862
20833173 1863
8610675 1864
22576388 1865
46953668 1866
2157437 1867
11140396 1868
11192556 1869
46396551 1870
10849470 1871
45246116 1872
7670952 1873
48852488 1874
11361829 1875
47212595 1876
4425253 1877
6502943 1878
9509521 1879
7888465 1880
37012805 1881
3440702 1882
47573891 1883
6763319 1884
38802224 1885
16910294 1886
3548510 1887
48223751 1888
42653446 1889
7577332 1890
9680507 1891
41672927 1892
8829205 1893
5725553 1894
8571053 1895
35928331 1896
12730813 1897
6480855 1898
11511717 1899
21566883 1900
47574706 1901
20180932 1902
11367092 1903
20620226 1904
49739732 1905
38808063 1906
24325286 1907
26404363 1908
5231770 1909
3194723 1910
8207648 1911
41623013 1912
28214102 1913
9137564 1914
29471054 1915
5475961 1916
32418640 1917
20824041 1918
21546018 1919
48463904 1920
8146512 1921
48076887 1922
12527648 1923
21201940 1924
6370651 1925
4661596 1926
10223773 1927
3123672 1928
2073140 1929
2792931 1930
38250731 1931
48182379 1932
17991736 1933
8821950 1934
21922905 1935
49055877 1936
14406418 1937
2014566 1938
29539139 1939
37076434 1940
14147992 1941
13824057 1942
9661482 1943
46050130 1944
33785558 1945
4099889 1946
5378511 1947
9556814 1948
31775049 1949
25414421 1950
49297461 1951
33277621 1952
19485396 1953
49443134 1954
40784708 1955
2830839 1956
24581761 1957
27949520 1958
6533237 1959
4966882 1960
39752296 1961
24850440 1962
9612443 1963
4129727 1964
48500092 1965
14015441 1966
2600131 1967
4261366 1968
37354346 1969
34445112 1970
2477561 1971
36574978 1972
48466941 1973
49464367 1974
32431089 1975
14566848 1976
42639146 1977
4645931 1978
26589343 1979
42994395 1980
5130574 1981
4260028 1982
18411878 1983
7299766 1984
26613726 1985
2042934 1986
12160692 1987
14925745 1988
30223670 1989
25398501 1990
11015785 1991
5702214 1992
21526733 1993
7867337 1994
4787830 1995
31013855 1996
7773879 1997
21369496 1998
4192632 1999
11888448 2000
47716921 2001
42970268 2002
17427506 2003
7866510 2004
3661359 2005
15762362 2006
39027523 2007
19726858 2008
2049551 2009
5119538 2010
40717001 2011
7640677 2012
27383113 2013
9035146 2014
20802593 2015
6152007 2016
7317526 2017
3492596 2018
31631468 2019
15774203 2020
26215457 2021
13925623 2022
20098267 2023
12484178 2024
47468037 2025
13611380 2026
11138874 2027
10054177 2028
9069164 2029
25730899 2030
3530107 2031
49646189 2032
10332096 2033
2731325 2034
3174993 2035
15795402 2036
16113229 2037
20712686 2038
28296047 2039
38458866 2040
2754312 2041
3678507 2042
49516257 2043
9286486 2044
13942699 2045
20238021 2046
2625432 2047
14866748 2048
10634195 2049
20574749 2050
5480421 2051
8763240 2052
20590002 2053
34127429 2054
8140330 2055
4724243 2056
8723064 2057
15530259 2058
41314498 2059
3327231 2060
49192567 2061
13959183 2062
6964203 2063
40889554 2064
36309600 2065
24880649 2066
8302875 2067
4944101 2068
25593841 2069
42514780 2070
16571571 2071
20668866 2072
25617817 2073
2635077 2074
40438019 2075
5899319 2076
4034925 2077
33361332 2078
35182125 2079
29381485 2080
33725454 2081
11700256 2082
23307250 2083
2739486 2084
12888253 2085
25543619 2086
4030069 2087
12487400 2088
36125821 2089
9299669 2090
6682421 2091
5865563 2092
8621621 2093
11321327 2094
45825709 2095
5263115 2096
37419633 2097
27970683 2098
2205812 2099
5385757 2100
18893500 2101
10674754 2102
30812928 2103
3575903 2104
35791154 2105
23262125 2106
13262150 2107
39806248 2108
28960900 2109
49858777 2110
7596708 2111
48117678 2112
3674751 2113
45309610 2114
34943111 2115
49661150 2116
28457465 2117
4808645 2118
20617883 2119
21255388 2120
47432089 2121
16975473 2122
3513105 2123
39997669 2124
22320400 2125
13386918 2126
47383911 2127
49503904 2128
48663666 2129
49463092 2130
11046369 2131
47552302 2132
35307648 2133
40427310 2134
41117393 2135
17970 2136
42109362 2137
38966683 2138
34441720 2139
10330392 2140
14998151 2141
46212836 2142
25559950 2143
30513719 2144
7614062 2145
14146650 2146
14942262 2147
20808536 2148
46762542 2149
39537140 2150
5837128 2151
34827668 2152
17717382 2153
4963858 2154
4277070 2155
41841191 2156
3439121 2157
17812221 2158
48832975 2159
49655630 2160
4839674 2161
33907469 2162
2962934 2163
9684350 2164
3357970 2165
17713530 2166
48507841 2167
32657476 2168
9796029 2169
38200603 2170
13470299 2171
29464435 2172
49946928 2173
49324070 2174
49077661 2175
49550025 2176
8995985 2177
21993053 2178
25915202 2179
2670037 2180
21821408 2181
7363441 2182
36261923 2183
7736056 2184
21610033 2185
49740731 2186
2498799 2187
8542576 2188
12370557 2189
29487421 2190
5049899 2191
12431770 2192
30292060 2193
48097244 2194
11875486 2195
6372694 2196
47282607 2197
8809676 2198
1073957 2199
33922709 2200
22626563 2201
12710081 2202
25970302 2203
16726485 2204
2535950 2205
3863876 2206
13764484 2207
48372095 2208
7312682 2209
33896515 2210
49996230 2211
14255319 2212
7626419 2213
24671387 2214
11445502 2215
49123043 2216
8583771 2217
4927740 2218
21170284 2219
48850050 2220
8374333 2221
9860862 2222
5999569 2223
8141012 2224
4480123 2225
42327189 2226
36984290 2227
34947246 2228
8927898 2229
36418988 2230
46686002 2231
47315931 2232
9194763 2233
6208330 2234
12562646 2235
47999845 2236
36985636 2237
5443903 2238
7089264 2239
2666923 2240
16465682 2241
31619935 2242
17838213 2243
16820906 2244
45683184 2245
20625426 2246
6653912 2247
22617115 2248
3591913 2249
12214785 2250
40539961 2251
3515071 2252
10222611 2253
15410738 2254
30422853 2255
7191167 2256
11399283 2257
48427552 2258
5856794 2259
10663442 2260
8450721 2261
2028545 2262
19557453 2263
47120429 2264
46487590 2265
5384870 2266
21718655 2267
12326009 2268
38248767 2269
47391657 2270
5967191 2271
22447648 2272
5152613 2273
21710534 2274
9268733 2275
29401660 2276
6394935 2277
11394744 2278
20823007 2279
48669883 2280
34746619 2281
27415487 2282
10840038 2283
7096687 2284
4635677 2285
34226598 2286
5523927 2287
13611983 2288
49435287 2289
5376258 2290
48887223 2291
42595793 2292
35534491 2293
45328922 2294
6053108 2295
42084754 2296
19431711 2297
42360423 2298
48236355 2299
22763629 2300
3536986 2301
6971812 2302
8259407 2303
19792728 2304
6537551 2305
9567491 2306
8070795 2307
47774350 2308
4896283 2309
3621484 2310
11727768 2311
18077735 2312
28817721 2313
4899655 2314
12250055 2315
38268318 2316
33706480 2317
11991165 2318
17750623 2319
42808429 2320
26661112 2321
4524178 2322
19005040 2323
35365785 2324
6809544 2325
35680039 2326
3926377 2327
15064469 2328
2581690 2329
6760521 2330
10572159 2331
9559758 2332
6915439 2333
38862941 2334
19416214 2335
46586019 2336
10480495 2337
33993017 2338
9254470 2339
5519723 2340
34529735 2341
23739132 2342
4409523 2343
2743089 2344
26362975 2345
7364344 2346
40985412 2347
11835369 2348
35513873 2349
2722441 2350
24426022 2351
2186803 2352
14970562 2353
25560909 2354
35353950 2355
3933610 2356
34750566 2357
40651206 2358
15774142 2359
28658940 2360
2208262 2361
23734703 2362
8625074 2363
25897598 2364
10388368 2365
37615108 2366
45182696 2367
7736883 2368
46049436 2369
11649115 2370
21463295 2371
2283993 2372
5367387 2373
45127137 2374
3741386 2375
5483702 2376
37239391 2377
49752283 2378
14557050 2379
13725104 2380
21996184 2381
2793806 2382
6912591 2383
5540806 2384
2218532 2385
12312314 2386
1057829 2387
5218965 2388
5043233 2389
8504412 2390
3272251 2391
33295703 2392
46500005 2393
37638595 2394
10406900 2395
48881192 2396
33911770 2397
4968059 2398
7776375 2399
8594816 2400
36047483 2401
10613355 2402
27347248 2403
5141683 2404
3266603 2405
49280072 2406
2890210 2407
30975833 2408
48015265 2409
4880164 2410
4036441 2411
7693935 2412
17602375 2413
15535071 2414
10070457 2415
5856926 2416
35377684 2417
33145073 2418
5306896 2419
41576969 2420
1070693 2421
15047663 2422
13789245 2423
31011525 2424
48871942 2425
5378831 2426
6404402 2427
7617914 2428
9309543 2429
23136489 2430
26271714 2431
5821219 2432
20647611 2433
2848903 2434
24324865 2435
3123200 2436
47645288 2437
49209086 2438
8740851 2439
47332960 2440
20153941 2441
3824500 2442
13073095 2443
8598066 2444
5408101 2445
36977529 2446
45687125 2447
40516373 2448
20723610 2449
38544127 2450
12960743 2451
16238322 2452
21765967 2453
22551470 2454
8728862 2455
13437052 2456
18680833 2457
31320761 2458
40652407 2459
45944605 2460
22291287 2461
5931537 2462
8265798 2463
33202695 2464
6874306 2465
49281790 2466
10763294 2467
27955653 2468
14620991 2469
10497106 2470
4993795 2471
38532132 2472
6087784 2473
49448419 2474
13627133 2475
13550313 2476
21229855 2477
23231699 2478
2121231 2479
46721460 2480
18849876 2481
35127457 2482
5990382 2483
26192642 2484
42974866 2485
4970822 2486
3410307 2487
5509062 2488
6633611 2489
2873428 2490
41313880 2491
49474604 2492
5845925 2493
25809592 2494
40432905 2495
4634243 2496
47819094 2497
14673190 2498
49485272 2499
4753253 2500
3096244 2501
10439481 2502
29741096 2503
25286159 2504
33687572 2505
18878418 2506
39512607 2507
3767912 2508
9841168 2509
9017291 2510
17858536 2511
4916258 2512
47545459 2513
4737947 2514
19670739 2515
7762327 2516
39612071 2517
36836987 2518
36743607 2519
2699027 2520
6204341 2521
33628239 2522
28759166 2523
21945220 2524
9910211 2525
25169208 2526
41550023 2527
8069650 2528
10347098 2529
13561818 2530
16883213 2531
47093026 2532
27766273 2533
8611860 2534
11392219 2535
4165005 2536
5486360 2537
7232457 2538
2886300 2539
11567523 2540
21514746 2541
40313604 2542
38223520 2543
26836208 2544
4586574 2545
3185479 2546
6169418 2547
40992769 2548
4785595 2549
9917033 2550
15713152 2551
15696576 2552
12980078 2553
16086656 2554
48813986 2555
4847037 2556
4085032 2557
13960612 2558
4016018 2559
11486080 2560
7216503 2561
9785701 2562
32190121 2563
3275474 2564
32477334 2565
47676208 2566
1049203 2567
28060412 2568
33492043 2569
24478376 2570
2598051 2571
3199993 2572
2403537 2573
7602250 2574
9047630 2575
16277041 2576
1044776 2577
10949302 2578
30627836 2579
46994980 2580
4416287 2581
37970184 2582
41265303 2583
21453263 2584
12474933 2585
4779663 2586
8354023 2587
25306110 2588
17815349 2589
18966894 2590
18349960 2591
29693522 2592
8210598 2593
17209847 2594
13412946 2595
49736632 2596
4904682 2597
7754488 2598
47995637 2599
48346152 2600
29537011 2601
32233712 2602
12620080 2603
3435518 2604
6485821 2605
13755467 2606
5564338 2607
5560061 2608
42242397 2609
19220948 2610
39323906 2611
2899856 2612
42922525 2613
6987503 2614
5576333 2615
39893299 2616
35088271 2617
5266094 2618
9375917 2619
2541126 2620
10645616 2621
6431485 2622
13177279 2623
2201055 2624
5312327 2625
12935251 2626
4325258 2627
38317064 2628
33993223 2629
9449908 2630
4761310 2631
21597187 2632
2411449 2633
4070611 2634
14715589 2635
16961945 2636
1045587 2637
6425346 2638
5594324 2639
31206951 2640
41605025 2641
36298707 2642
11061388 2643
3789767 2644
5577236 2645
3735715 2646
16068877 2647
7633569 2648
2612439 2649
48892821 2650
5607498 2651
19936514 2652
42671404 2653
8486888 2654
30253527 2655
20648190 2656
6125628 2657
31847245 2658
4408155 2659
26657107 2660
11050349 2661
49681436 2662
10173307 2663
5668683 2664
20042392 2665
49296411 2666
6095398 2667
9731923 2668
32824792 2669
22646439 2670
13827263 2671
5352149 2672
4060989 2673
10267896 2674
5217258 2675
8418456 2676
35009032 2677
20673525 2678
9586159 2679
49366704 2680
49705067 2681
3115221 2682
5467197 2683
32982452 2684
34926114 2685
12044719 2686
7109573 2687
35566771 2688
18806834 2689
46905162 2690
32734432 2691
4578878 2692
4140325 2693
29634289 2694
10624463 2695
46637811 2696
10276625 2697
48794239 2698
47108274 2699
10184003 2700
7048707 2701
38645795 2702
4549635 2703
2922833 2704
39184539 2705
20171280 2706
49384260 2707
32459788 2708
38927367 2709
49193297 2710
48743833 2711
9807427 2712
27474338 2713
2383772 2714
48175993 2715
2095754 2716
3205006 2717
2487577 2718
22119623 2719
5223165 2720
20567381 2721
49608292 2722
18580419 2723
21888421 2724
10601875 2725
47859656 2726
47222771 2727
1058807 2728
12759174 2729
47624202 2730
10307234 2731
2361319 2732
15396296 2733
6938046 2734
47489861 2735
28867851 2736
7694981 2737
40661230 2738
7558814 2739
15416425 2740
11362515 2741
40718689 2742
2502598 2743
21588880 2744
12633135 2745
28853829 2746
2380445 2747
20104978 2748
14748662 2749
5439942 2750
21812968 2751
11220209 2752
49282034 2753
2228285 2754
21665399 2755
4639503 2756
3576540 2757
8697446 2758
36426602 2759
2465479 2760
7576776 2761
36785723 2762
11244887 2763
48867448 2764
3462895 2765
40452328 2766
14353083 2767
2643342 2768
46067651 2769
10021660 2770
32335248 2771
14403664 2772
9820443 2773
49002681 2774
14270001 2775
8859871 2776
13069319 2777
17311789 2778
43013472 2779
8647321 2780
2115209 2781
33680549 2782
7168722 2783
3135595 2784
49498254 2785
14815365 2786
42398243 2787
15439656 2788
49172477 2789
42163437 2790
18420190 2791
34806550 2792
42883870 2793
34422298 2794
48039960 2795
27736831 2796
2190662 2797
25543096 2798
5904176 2799
50014659 2800
9835838 2801
4949169 2802
14117804 2803
45125386 2804
36261812 2805
45311927 2806
49047880 2807
13437993 2808
27702590 2809
49722816 2810
20228864 2811
6107498 2812
4470769 2813
14674384 2814
16665156 2815
21219949 2816
20594634 2817
2585464 2818
7709747 2819
11602808 2820
2786172 2821
3411168 2822
26351282 2823
23942599 2824
8825151 2825
39125860 2826
33067965 2827
40581188 2828
30425032 2829
2096336 2830
5258082 2831
48668669 2832
12514346 2833
14058037 2834
6022623 2835
11335131 2836
47533859 2837
24124292 2838
8417137 2839
27975029 2840
17468368 2841
12388866 2842
49416456 2843
14991333 2844
45550862 2845
40116055 2846
8472611 2847
41429990 2848
21898681 2849
40392607 2850
47423950 2851
3659669 2852
16274159 2853
22316349 2854
48238306 2855
26477137 2856
9394121 2857
35272862 2858
2720912 2859
33787582 2860
6896865 2861
5090533 2862
47424776 2863
2439257 2864
10461065 2865
48578806 2866
48734095 2867
6793492 2868
21799859 2869
12224945 2870
26251259 2871
24318027 2872
11784727 2873
10894172 2874
39433560 2875
31672927 2876
18694503 2877
25958824 2878
5749674 2879
14720602 2880
18758597 2881
45431088 2882
2295285 2883
6628271 2884
5787806 2885
5361830 2886
3737357 2887
5094333 2888
11362263 2889
30793035 2890
41007524 2891
10781544 2892
47977127 2893
20688573 2894
35944257 2895
21983753 2896
34607371 2897
36684027 2898
6986583 2899
10114019 2900
4314622 2901
13387714 2902
10364360 2903
40337528 2904
37238452 2905
29970630 2906
9113536 2907
36693211 2908
14685002 2909
3389142 2910
23978788 2911
14411469 2912
14186113 2913
30707026 2914
11022676 2915
45432090 2916
48419131 2917
32942560 2918
47518732 2919
12479654 2920
33191298 2921
40236154 2922
12748797 2923
11607632 2924
21675250 2925
37163530 2926
19781390 2927
25253683 2928
42285223 2929
5443488 2930
41284071 2931
11606931 2932
7942551 2933
35182309 2934
40364179 2935
27048348 2936
2394116 2937
2211359 2938
3256865 2939
21596979 2940
7939364 2941
10717392 2942
45832651 2943
11200223 2944
2148480 2945
2310549 2946
27049688 2947
2046671 2948
35132575 2949
26115147 2950
26014231 2951
22317718 2952
5289288 2953
13621397 2954
10846414 2955
7621677 2956
39063194 2957
25267872 2958
26350156 2959
3615294 2960
24637526 2961
11600701 2962
36900063 2963
22618731 2964
2806201 2965
47185490 2966
49752838 2967
3040832 2968
15033616 2969
9254962 2970
49653420 2971
12721981 2972
15777676 2973
19291408 2974
49705745 2975
46173110 2976
30224245 2977
7094309 2978
18669533 2979
5266289 2980
17359071 2981
31468744 2982
11529966 2983
2641392 2984
10060130 2985
21363062 2986
49358635 2987
3306178 2988
25109025 2989
39825533 2990
32804681 2991
2315290 2992
4932941 2993
21507222 2994
4292319 2995
35178831 2996
5775235 2997
7397445 2998
9818383 2999
3181237 3000
12571661 3001
49091935 3002
20488226 3003
10225902 3004
9127610 3005
35863202 3006
33741867 3007
41225884 3008
40045050 3009
11263039 3010
47771513 3011
10569000 3012
28137292 3013
20100216 3014
30842783 3015
48902510 3016
24335400 3017
4666421 3018
14223094 3019
49733736 3020
12911621 3021
12449234 3022
40584727 3023
8345204 3024
41935187 3025
8639570 3026
9809770 3027
31676864 3028
47739657 3029
15606068 3030
12064782 3031
41022778 3032
14263731 3033
39551990 3034
21582350 3035
15020189 3036
7179695 3037
18837181 3038
33010112 3039
46574105 3040
10905526 3041
9198594 3042
45247596 3043
31965638 3044
7859221 3045
19037351 3046
41479450 3047
34444063 3048
29448061 3049
34357605 3050
14280338 3051
25389456 3052
25539894 3053
2324069 3054
48253208 3055
40565382 3056
40858927 3057
7339536 3058
18720527 3059
49170309 3060
21519939 3061
17030283 3062
12921382 3063
46776336 3064
38327026 3065
30547070 3066
5198855 3067
3608607 3068
7077173 3069
2325418 3070
17121070 3071
36030281 3072
33338585 3073
43011588 3074
13403988 3075
38177904 3076
34137124 3077
5538884 3078
27817897 3079
37856492 3080
48844347 3081
3898067 3082
36553447 3083
2843675 3084
10861984 3085
41056497 3086
17606533 3087
9158586 3088
5751246 3089
17321031 3090
19927850 3091
49579028 3092
10473623 3093
20923941 3094
5174360 3095
7206805 3096
5818144 3097
18052406 3098
4255033 3099
47955743 3100
4661664 3101
13386207 3102
18466793 3103
37967559 3104
37967671 3105
7241936 3106
43039042 3107
4734324 3108
49131480 3109
22347535 3110
47338058 3111
12288518 3112
5198195 3113
5705457 3114
12373741 3115
17153311 3116
3813990 3117
26659779 3118
49706943 3119
6150496 3120
39505717 3121
26533514 3122
4977136 3123
24971582 3124
48446126 3125
2437084 3126
17971871 3127
2941389 3128
27558359 3129
46541229 3130
37497499 3131
4796775 3132
14012359 3133
2643401 3134
48192986 3135
27667741 3136
18698664 3137
4200319 3138
10327060 3139
11570082 3140
6201755 3141
2305743 3142
47769743 3143
11726563 3144
7235099 3145
25584488 3146
10151242 3147
34713413 3148
49510220 3149
39413176 3150
18307777 3151
42999897 3152
39476868 3153
11847627 3154
36764452 3155
13139940 3156
6041135 3157
4601977 3158
2727881 3159
41924179 3160
42896630 3161
4922440 3162
49041985 3163
37318329 3164
8729514 3165
14127152 3166
8792581 3167
16405355 3168
11256179 3169
10569997 3170
2286184 3171
49793979 3172
10991587 3173
8543516 3174
4835275 3175
18673983 3176
4649788 3177
2657280 3178
10934497 3179
10344460 3180
14264786 3181
38444720 3182
22158454 3183
28980461 3184
4357727 3185
17975237 3186
36613757 3187
7380012 3188
1053633 3189
47788726 3190
12877737 3191
46661594 3192
38298223 3193
12085452 3194
8322451 3195
16557744 3196
24761567 3197
36289869 3198
49164774 3199
4558144 3200
40105981 3201
7694070 3202
14445956 3203
30599963 3204
11202773 3205
45773886 3206
3476136 3207
13965179 3208
2168304 3209
4042256 3210
15872994 3211
46006313 3212
33333597 3213
28876933 3214
4626853 3215
7821280 3216
48562467 3217
22488730 3218
8462195 3219
21763617 3220
21869500 3221
16732241 3222
13071848 3223
19624497 3224
5140239 3225
5607752 3226
6111199 3227
6362577 3228
36426085 3229
2381290 3230
29739519 3231
20653085 3232
6959469 3233
5712120 3234
8639605 3235
35301607 3236
28781373 3237
37697985 3238
7369432 3239
7419710 3240
18756272 3241
49746509 3242
48245444 3243
20398406 3244
31285709 3245
6861374 3246
5324164 3247
5360608 3248
8305909 3249
6995709 3250
9440750 3251
3144542 3252
18362362 3253
5645420 3254
40352360 3255
2612066 3256
33482316 3257
2465038 3258
49200875 3259
9356059 3260
39823587 3261
11810750 3262
26568292 3263
3561813 3264
32935505 3265
7714030 3266
47316771 3267
9740253 3268
3505673 3269
7731502 3270
47012081 3271
5231297 3272
49795734 3273
34291789 3274
10400565 3275
35211729 3276
15815485 3277
45136219 3278
10853522 3279
37500622 3280
37806191 3281
31526396 3282
21615021 3283
27691020 3284
37320976 3285
7215556 3286
49440929 3287
9313517 3288
49292047 3289
11471002 3290
39902065 3291
3564625 3292
10978301 3293
22558730 3294
33577190 3295
12030402 3296
8979563 3297
47186212 3298
25451800 3299
34722603 3300
24757459 3301
30722941 3302
2408409 3303
39605604 3304
2609715 3305
10577064 3306
7078077 3307
31951388 3308
4763469 3309
5199009 3310
49355090 3311
13353181 3312
47706085 3313
6451313 3314
25650872 3315
26072989 3316
13759510 3317
2426068 3318
40528706 3319
7448046 3320
29153276 3321
37139861 3322
40694409 3323
36997625 3324
41627210 3325
49290551 3326
4601639 3327
18614750 3328
20484920 3329
16139721 3330
29033483 3331
47309406 3332
15195842 3333
10430829 3334
48195297 3335
47142848 3336
7473747 3337
48463741 3338
48964548 3339
8052371 3340
49772855 3341
38807977 3342
12872361 3343
2875227 3344
45953758 3345
6764530 3346
4836232 3347
11661754 3348
24759775 3349
12019805 3350
48671149 3351
28063431 3352
2838025 3353
5104810 3354
15980369 3355
19840116 3356
41192512 3357
10533269 3358
49876399 3359
47882965 3360
5757132 3361
6087228 3362
47485152 3363
48353028 3364
35651624 3365
42678612 3366
4390586 3367
41626203 3368
4425815 3369
3655847 3370
47876338 3371
5067211 3372
23874401 3373
1016475 3374
5620061 3375
10357832 3376
25132718 3377
9588166 3378
3688209 3379
18355826 3380
38874590 3381
4788194 3382
46460706 3383
8072218 3384
5950416 3385
35929096 3386
26337738 3387
35013628 3388
31115460 3389
4166131 3390
42400513 3391
49676174 3392
12984080 3393
48367501 3394
24361218 3395
34066262 3396
3439387 3397
26347604 3398
22999404 3399
12369780 3400
6139613 3401
40316882 3402
36095499 3403
31749040 3404
7204022 3405
33690193 3406
48317555 3407
11714798 3408
3503153 3409
31588771 3410
6549921 3411
5299652 3412
21835459 3413
28861602 3414
48463794 3415
33828508 3416
2201371 3417
19585956 3418
48849870 3419
47356787 3420
18277435 3421
29884682 3422
15097932 3423
7128023 3424
15646387 3425
4323093 3426
38526883 3427
9086947 3428
49558558 3429
48125105 3430
31531526 3431
11081219 3432
6832906 3433
12875362 3434
10741263 3435
15581142 3436
41585541 3437
49648878 3438
13660415 3439
25340224 3440
47334824 3441
48518425 3442
49208244 3443
3021999 3444
5463380 3445
6737138 3446
17179171 3447
3564201 3448
28020407 3449
6485303 3450
25174247 3451
14183610 3452
21170435 3453
33785021 3454
13394586 3455
14675267 3456
6324444 3457
31238212 3458
26010033 3459
46790533 3460
7636283 3461
19498275 3462
8753926 3463
10062880 3464
11092076 3465
26968691 3466
11007136 3467
9563382 3468
12822745 3469
8141043 3470
16067625 3471
2300610 3472
9817885 3473
49361743 3474
36470248 3475
10292808 3476
20141219 3477
2257572 3478
7778588 3479
10992030 3480
15781407 3481
27305708 3482
47308975 3483
29914583 3484
27180810 3485
48060723 3486
37468197 3487
8378927 3488
14595990 3489
49338102 3490
4091845 3491
41704591 3492
3603385 3493
2323195 3494
49078012 3495
5834460 3496
2477772 3497
10110487 3498
30452897 3499
2449652 3500
31221333 3501
16490003 3502
3155540 3503
47585849 3504
12148721 3505
6224798 3506
48538477 3507
42427672 3508
3603648 3509
31542442 3510
33029658 3511
49652345 3512
16056196 3513
36432194 3514
22561330 3515
41839612 3516
3003353 3517
6376795 3518
24344077 3519
29084854 3520
26045193 3521
6409860 3522
16290094 3523
47736381 3524
2147913 3525
30681401 3526
15782185 3527
30845121 3528
30001579 3529
30214089 3530
29859091 3531
34925721 3532
45554207 3533
19311617 3534
49395312 3535
49188309 3536
45348696 3537
46802455 3538
39322015 3539
6105695 3540
40631457 3541
46781076 3542
39312571 3543
2348952 3544
39407004 3545
15549063 3546
4952061 3547
30077984 3548
48372904 3549
32588598 3550
18701242 3551
10634912 3552
1058776 3553
31455813 3554
38392702 3555
49064868 3556
49796465 3557
5484896 3558
13133776 3559
5459640 3560
6588237 3561
36190199 3562
7232247 3563
24726243 3564
49337989 3565
6032198 3566
10023481 3567
7596195 3568
49755608 3569
6405300 3570
20662866 3571
8925763 3572
13990267 3573
29450017 3574
30881841 3575
25095074 3576
14368767 3577
11713742 3578
47555276 3579
31665604 3580
49774696 3581
5519268 3582
31910575 3583
45811846 3584
7741004 3585
15214353 3586
3397841 3587
49377897 3588
28157110 3589
42533996 3590
1029562 3591
16909529 3592
48701700 3593
2129380 3594
47136625 3595
37946794 3596
4359473 3597
10497491 3598
10208037 3599
20213200 3600
46022481 3601
45307368 3602
8682038 3603
4581428 3604
46382785 3605
50035568 3606
48055633 3607
14387924 3608
3432389 3609
13826548 3610
3596578 3611
46609418 3612
4485208 3613
29842649 3614
40328338 3615
20501009 3616
3625906 3617
43064943 3618
24922162 3619
2328573 3620
3556247 3621
15697757 3622
2269547 3623
47815759 3624
10271978 3625
2663649 3626
15889294 3627
37732893 3628
14733569 3629
23957263 3630
48318005 3631
38072137 3632
5216386 3633
47553567 3634
23103483 3635
18464476 3636
5303393 3637
39834355 3638
49962222 3639
42787600 3640
5350080 3641
8858169 3642
2501614 3643
49319513 3644
18768591 3645
19594358 3646
49566148 3647
31538726 3648
33709764 3649
4895495 3650
39806475 3651
19703745 3652
32223108 3653
8850004 3654
43015612 3655
2937985 3656
38434916 3657
48463646 3658
22582709 3659
3752449 3660
48398645 3661
38168569 3662
40654824 3663
16095088 3664
13883318 3665
13417835 3666
48750704 3667
13587522 3668
48813207 3669
32859856 3670
33171644 3671
49880695 3672
16752106 3673
47062125 3674
14320391 3675
2711673 3676
41674163 3677
13323775 3678
6662597 3679
19514500 3680
26815226 3681
33635108 3682
14946162 3683
22647310 3684
31968833 3685
7216903 3686
14409536 3687
11185630 3688
37618275 3689
38343008 3690
5478311 3691
8907329 3692
24469674 3693
12140636 3694
32836745 3695
2650455 3696
3057318 3697
37429954 3698
21122267 3699
45213757 3700
49893303 3701
7362109 3702
45293288 3703
11166926 3704
49522170 3705
18319039 3706
49895915 3707
41758322 3708
39185606 3709
48936407 3710
25697428 3711
38340794 3712
34882711 3713
41763655 3714
8272947 3715
47618040 3716
49250523 3717
39128503 3718
7547177 3719
39578405 3720
37766512 3721
7065852 3722
24360103 3723
28751873 3724
38943443 3725
2085748 3726
49867005 3727
10084420 3728
6937323 3729
22414570 3730
38090317 3731
22645072 3732
17972839 3733
4146876 3734
38768083 3735
3194012 3736
37664814 3737
33049040 3738
46656460 3739
8723014 3740
8253188 3741
49399437 3742
21681954 3743
19108544 3744
13784455 3745
15416751 3746
42656545 3747
2573401 3748
39837174 3749
14073428 3750
4703921 3751
3210706 3752
15070848 3753
39529652 3754
48947524 3755
13235739 3756
21265253 3757
28890398 3758
7957075 3759
38196178 3760
33098420 3761
41729907 3762
45151088 3763
49872310 3764
31347796 3765
42480517 3766
16005857 3767
40562842 3768
7663087 3769
25201929 3770
10751133 3771
2817171 3772
17388961 3773
48448140 3774
49701849 3775
39786025 3776
16809367 3777
2007044 3778
8983926 3779
48978426 3780
25710444 3781
12053107 3782
2752171 3783
41142893 3784
7744197 3785
2708139 3786
40744624 3787
48131668 3788
22744873 3789
38967087 3790
8263738 3791
5080208 3792
23219458 3793
11960436 3794
2866588 3795
13824789 3796
22429221 3797
14886579 3798
32923839 3799
49057033 3800
17851827 3801
42777411 3802
2929033 3803
13745575 3804
22132813 3805
6202985 3806
11427662 3807
47389511 3808
11009458 3809
29242541 3810
33071238 3811
40033213 3812
47887721 3813
16672992 3814
16481117 3815
35412887 3816
20710229 3817
21529828 3818
48996469 3819
10707315 3820
11021334 3821
2086068 3822
40355039 3823
3482361 3824
5439873 3825
2265552 3826
33079735 3827
38109236 3828
2397241 3829
48991138 3830
39150827 3831
29269849 3832
23207194 3833
7219452 3834
35591069 3835
33079437 3836
48821096 3837
27825126 3838
26084991 3839
5049525 3840
5855868 3841
32921817 3842
34030979 3843
45533013 3844
8062274 3845
47006435 3846
45548586 3847
2752967 3848
5768210 3849
2090039 3850
48475077 3851
3259530 3852
49700029 3853
11065641 3854
48922548 3855
40368357 3856
11221008 3857
7299370 3858
48814577 3859
37471306 3860
47133309 3861
11449217 3862
33859155 3863
47852728 3864
31239872 3865
15755435 3866
11517030 3867
29371710 3868
18103425 3869
46103270 3870
3909563 3871
8591366 3872
36942484 3873
12179249 3874
8886128 3875
10423902 3876
6748111 3877
47075063 3878
24302834 3879
6566153 3880
10635353 3881
28641906 3882
4781192 3883
9954811 3884
18655676 3885
48778195 3886
2683480 3887
14934364 3888
37850001 3889
31141765 3890
13423401 3891
39165933 3892
41723383 3893
6328349 3894
32565618 3895
11381046 3896
23277955 3897
2506075 3898
8384730 3899
18498855 3900
28944779 3901
21123189 3902
49426683 3903
8474092 3904
3506498 3905
5051114 3906
6407819 3907
24407457 3908
49449796 3909
10815647 3910
16449293 3911
41120779 3912
27356012 3913
50049082 3914
7776113 3915
11917507 3916
5822534 3917
36578244 3918
2438808 3919
8855177 3920
49827680 3921
49930205 3922
45692972 3923
32614993 3924
48813774 3925
9004579 3926
29940229 3927
49402765 3928
41016979 3929
5999966 3930
38875145 3931
15472059 3932
18211096 3933
30148108 3934
4434849 3935
24623754 3936
29506553 3937
2455920 3938
17977291 3939
34618184 3940
9212045 3941
36170912 3942
40128818 3943
7059064 3944
19167179 3945
6176104 3946
11678056 3947
12405827 3948
15261411 3949
8444518 3950
36309855 3951
2246539 3952
6949472 3953
30643943 3954
3673598 3955
5877764 3956
12610468 3957
49660438 3958
17746073 3959
5146809 3960
32530838 3961
7189426 3962
10717865 3963
8761632 3964
7867519 3965
5646497 3966
42263167 3967
16462822 3968
5165782 3969
41159643 3970
39569970 3971
48468956 3972
2346615 3973
49279855 3974
4912639 3975
42662840 3976
16768032 3977
8099660 3978
14080827 3979
39740418 3980
7283816 3981
22941721 3982
3863296 3983
37719651 3984
5357946 3985
26081248 3986
10649996 3987
19157106 3988
49771692 3989
3279873 3990
31269882 3991
31345071 3992
10852255 3993
49230488 3994
6605123 3995
2824180 3996
31518162 3997
2354349 3998
9349998 3999
6208935 4000
43000921 4001
46785758 4002
9842094 4003
2277139 4004
22303225 4005
34527620 4006
2526456 4007
26915222 4008
2161926 4009
30920469 4010
48058596 4011
34111835 4012
48389131 4013
47089188 4014
19476471 4015
6134988 4016
2514495 4017
7821961 4018
3628563 4019
48430967 4020
35949763 4021
48174826 4022
10056756 4023
46241592 4024
2795777 4025
40539482 4026
10714017 4027
1052285 4028
48445221 4029
39910189 4030
42480111 4031
9958921 4032
38384439 4033
41991109 4034
28463873 4035
8188002 4036
2246396 4037
40812218 4038
25270575 4039
13150659 4040
14351422 4041
2558353 4042
49586128 4043
10287329 4044
9005423 4045
34497012 4046
12506481 4047
4250659 4048
20369382 4049
41463439 4050
47265813 4051
49091087 4052
5664983 4053
29529737 4054
36156519 4055
33427472 4056
4476362 4057
19253231 4058
47820066 4059
33269767 4060
20410310 4061
41915299 4062
43059948 4063
48111779 4064
3243276 4065
30704531 4066
19817582 4067
18466156 4068
6089805 4069
46511633 4070
12524093 4071
6826373 4072
2061388 4073
48690212 4074
20823975 4075
3255614 4076
17519671 4077
47938447 4078
3192880 4079
27527890 4080
12859127 4081
49285560 4082
19695158 4083
2335038 4084
11018473 4085
37044862 4086
7760751 4087
39069564 4088
7462610 4089
32665216 4090
47342681 4091
29884727 4092
6494332 4093
33300027 4094
1046066 4095
13599578 4096
13041792 4097
47346769 4098
30585516 4099
49060724 4100
5571403 4101
47288384 4102
8405114 4103
30695330 4104
5303086 4105
11071756 4106
29432095 4107
47411779 4108
37044280 4109
48173965 4110
24131853 4111
2019942 4112
2395978 4113
29913754 4114
49211786 4115
11468114 4116
2166271 4117
49773880 4118
22327855 4119
9097519 4120
49570681 4121
18467887 4122
15205577 4123
40078858 4124
34516780 4125
49569677 4126
5216305 4127
8546592 4128
10103311 4129
6885219 4130
36650486 4131
29639168 4132
28199705 4133
3320944 4134
6777560 4135
12658760 4136
18964453 4137
10544489 4138
27042939 4139
48815211 4140
19848482 4141
2910129 4142
49919072 4143
18274974 4144
49607446 4145
3856092 4146
2469657 4147
4416792 4148
3506420 4149
3664309 4150
39895224 4151
7706334 4152
43080089 4153
4148800 4154
20752461 4155
3418366 4156
35319838 4157
38737988 4158
40353750 4159
3767277 4160
3732652 4161
49591760 4162
39498221 4163
29349031 4164
30066943 4165
4558523 4166
8489475 4167
2075769 4168
33117590 4169
22234879 4170
3236165 4171
19492873 4172
3197019 4173
49937193 4174
11363234 4175
18718920 4176
41693374 4177
49666755 4178
11420985 4179
4458686 4180
7936585 4181
10776699 4182
3431286 4183
38978354 4184
32600724 4185
38203118 4186
6234254 4187
12900561 4188
9800792 4189
26063859 4190
5702744 4191
7927272 4192
16051654 4193
9100408 4194
5395159 4195
49335789 4196
10868449 4197
11627021 4198
30127239 4199
11534189 4200
46885610 4201
2447205 4202
48164929 4203
21741190 4204
11508295 4205
21349485 4206
11622919 4207
11369137 4208
8043610 4209
48838453 4210
5409642 4211
9535720 4212
48232497 4213
7002941 4214
26610274 4215
36523320 4216
8087063 4217
26665442 4218
48220707 4219
6532902 4220
30863875 4221
36413550 4222
1046678 4223
7189050 4224
6384880 4225
49691348 4226
10916401 4227
48630572 4228
48879816 4229
10826465 4230
6465329 4231
48908962 4232
3108415 4233
7563475 4234
30066558 4235
20028941 4236
14275213 4237
33012813 4238
28030742 4239
35122196 4240
38435578 4241
49894901 4242
3850492 4243
4866679 4244
10044597 4245
3043088 4246
19987516 4247
4617733 4248
48397257 4249
47569974 4250
45482758 4251
12939044 4252
15210128 4253
3807448 4254
16777741 4255
48802187 4256
24486517 4257
49668540 4258
15816858 4259
28791286 4260
14997854 4261
26910094 4262
35600926 4263
2778972 4264
32903995 4265
2865038 4266
14384989 4267
49573003 4268
8432414 4269
13167685 4270
40502104 4271
4388526 4272
45818490 4273
25106379 4274
12555418 4275
5565322 4276
3396866 4277
31489868 4278
7848639 4279
9633946 4280
3256278 4281
8665773 4282
3326109 4283
8667537 4284
31134298 4285
31609999 4286
9830906 4287
40620218 4288
5599198 4289
48905127 4290
47813636 4291
40220711 4292
11602523 4293
5705825 4294
5719604 4295
12088486 4296
5771893 4297
17934024 4298
49723352 4299
27545174 4300
49063779 4301
48843547 4302
2916118 4303
20480857 4304
49745250 4305
32959834 4306
27371687 4307
48983767 4308
47267450 4309
7895167 4310
24915922 4311
11026055 4312
8927421 4313
36165343 4314
37866157 4315
25874745 4316
31865094 4317
11111319 4318
41885289 4319
47956299 4320
3015930 4321
34461162 4322
7928396 4323
34822129 4324
37053739 4325
32970382 4326
12723042 4327
8966178 4328
9498221 4329
9003141 4330
19826144 4331
16554509 4332
2584778 4333
32734773 4334
11919879 4335
9461081 4336
35584352 4337
48331860 4338
16544887 4339
40633239 4340
47026367 4341
46511739 4342
49685931 4343
5318582 4344
5601226 4345
11431799 4346
25269450 4347
30000219 4348
9780784 4349
2495149 4350
9908957 4351
10156178 4352
40764489 4353
33986489 4354
2059883 4355
48102653 4356
2577791 4357
38998839 4358
10788946 4359
9767262 4360
4073225 4361
47477339 4362
14377123 4363
5459909 4364
47758192 4365
49240183 4366
9695459 4367
6998378 4368
31941596 4369
2613496 4370
21419490 4371
26865391 4372
48953531 4373
42699309 4374
47119563 4375
6113416 4376
32230140 4377
5858180 4378
5497206 4379
48353926 4380
22508794 4381
37217849 4382
25907749 4383
1049846 4384
46887344 4385
48793540 4386
5529791 4387
47859147 4388
8708779 4389
12158516 4390
20041800 4391
40230808 4392
5232547 4393
6324424 4394
15696692 4395
2865202 4396
39360119 4397
2280822 4398
12922802 4399
10949900 4400
7801644 4401
24673648 4402
23921528 4403
38440397 4404
12424671 4405
46882731 4406
3560182 4407
7283814 4408
16621550 4409
6222818 4410
45164448 4411
42534832 4412
47048872 4413
8670476 4414
24410232 4415
18191393 4416
4448824 4417
42311535 4418
45557149 4419
27768936 4420
40329070 4421
4167055 4422
49626396 4423
46665432 4424
6159111 4425
49449859 4426
48104974 4427
31993877 4428
3100054 4429
40187619 4430
37814084 4431
3800169 4432
6246921 4433
1063973 4434
24681658 4435
12018717 4436
3202859 4437
2570222 4438
11555289 4439
6531808 4440
45539296 4441
48276769 4442
8796722 4443
26808821 4444
19718623 4445
7085520 4446
39353662 4447
7592072 4448
32734744 4449
8558225 4450
29043659 4451
38622469 4452
47679064 4453
7050413 4454
4200402 4455
13549809 4456
17465766 4457
17792301 4458
4926271 4459
6294182 4460
15591891 4461
47887649 4462
47600057 4463
3998103 4464
5400721 4465
33590576 4466
15424710 4467
37869389 4468
49808692 4469
5103448 4470
14332226 4471
14569262 4472
39598637 4473
13289936 4474
2340403 4475
48733343 4476
49983897 4477
34949828 4478
47799974 4479
35381873 4480
10296268 4481
7051109 4482
7900253 4483
11035299 4484
40241487 4485
5839592 4486
26350207 4487
1003910 4488
13205041 4489
48698107 4490
11189325 4491
22381386 4492
26268979 4493
25109151 4494
23745802 4495
49411713 4496
5294795 4497
37728439 4498
5464317 4499
17349869 4500
5950515 4501
29209547 4502
40094008 4503
10606969 4504
49197409 4505
21616116 4506
19004813 4507
46618953 4508
10823514 4509
46828591 4510
10065924 4511
20149583 4512
8378943 4513
22507399 4514
25408513 4515
9774702 4516
5271863 4517
37728259 4518
5050053 4519
21432899 4520
18363182 4521
6688396 4522
9362434 4523
9150017 4524
8884077 4525
49300412 4526
37134591 4527
49830016 4528
32167822 4529
40383134 4530
3607586 4531
32510696 4532
41967718 4533
9744905 4534
29997723 4535
6751156 4536
38027651 4537
17053475 4538
10153677 4539
47224032 4540
45738346 4541
19763183 4542
27046382 4543
22611710 4544
47471798 4545
49179167 4546
47639641 4547
5226856 4548
17824164 4549
38772098 4550
8137522 4551
47513894 4552
2600107 4553
16133963 4554
22373849 4555
40429263 4556
12398475 4557
5537133 4558
2887180 4559
3545807 4560
14564459 4561
17401364 4562
3399858 4563
3576238 4564
40952990 4565
2773439 4566
18705008 4567
8151562 4568
47090666 4569
49102285 4570
12242029 4571
5535572 4572
48828507 4573
24730976 4574
2366329 4575
49120318 4576
47895414 4577
33879195 4578
4663288 4579
3187727 4580
11055736 4581
5481651 4582
4279442 4583
40876658 4584
20840891 4585
35619171 4586
6266038 4587
15052565 4588
21144890 4589
4701777 4590
6438486 4591
31194507 4592
26500875 4593
21935325 4594
49459018 4595
12745482 4596
10665689 4597
9934384 4598
6262831 4599
2638611 4600
48964676 4601
3085700 4602
7627257 4603
13357378 4604
29191368 4605
37722459 4606
2384677 4607
8310230 4608
27624070 4609
45187856 4610
1071395 4611
2658788 4612
8401434 4613
2149968 4614
20249109 4615
8005535 4616
24941164 4617
5012346 4618
48715022 4619
2508412 4620
6079488 4621
13595416 4622
2544111 4623
4719808 4624
18495119 4625
6180624 4626
11689522 4627
16403882 4628
14995607 4629
9035087 4630
49844868 4631
2416530 4632
8537156 4633
37595710 4634
7867803 4635
41899091 4636
16881885 4637
2549674 4638
21245529 4639
22580589 4640
2387738 4641
8989819 4642
45355817 4643
5992640 4644
46924835 4645
48177716 4646
48879756 4647
8199238 4648
7055046 4649
10886296 4650
8497616 4651
10877548 4652
34591210 4653
7230118 4654
36401683 4655
4844289 4656
49581911 4657
39687827 4658
3134976 4659
33818493 4660
21712058 4661
46496923 4662
3516293 4663
6284869 4664
26545618 4665
49597540 4666
39296423 4667
41784161 4668
11585665 4669
48219566 4670
12217040 4671
10440888 4672
5107321 4673
45377382 4674
49281625 4675
40270217 4676
6951058 4677
10510041 4678
34689052 4679
6064920 4680
6306043 4681
7945995 4682
38316450 4683
48374537 4684
46928015 4685
33984961 4686
49418540 4687
5605361 4688
10489795 4689
25062435 4690
17284168 4691
12069419 4692
10149481 4693
14527840 4694
37485688 4695
2814131 4696
7541325 4697
20844496 4698
16899082 4699
10185687 4700
38485381 4701
12978580 4702
49869336 4703
14609590 4704
30819193 4705
7155480 4706
29169120 4707
22118326 4708
18448147 4709
4553771 4710
46187112 4711
25453700 4712
30393252 4713
3465418 4714
46162059 4715
8456178 4716
14533620 4717
9771450 4718
4943764 4719
22452657 4720
2458439 4721
4031440 4722
39674900 4723
35415492 4724
12655861 4725
35515308 4726
6415631 4727
27988696 4728
2912323 4729
34931220 4730
13474626 4731
26526883 4732
4970148 4733
45516164 4734
12145578 4735
28574353 4736
38679331 4737
7542657 4738
38701989 4739
48274227 4740
40706184 4741
30596520 4742
17830232 4743
24057873 4744
35118296 4745
16560470 4746
48472730 4747
40064801 4748
45757274 4749
10715445 4750
19200743 4751
13659405 4752
7925372 4753
50004548 4754
3857077 4755
47865670 4756
4432320 4757
30014069 4758
35479046 4759
9606278 4760
4200460 4761
3599145 4762
3716724 4763
14042235 4764
25149672 4765
48515125 4766
27697672 4767
21203790 4768
47252017 4769
46664296 4770
16278003 4771
5161695 4772
48911286 4773
49686761 4774
31458817 4775
2559449 4776
36431045 4777
5957833 4778
22539873 4779
49996108 4780
40182755 4781
11232648 4782
6507694 4783
14777064 4784
2553289 4785
3002294 4786
4074955 4787
14565795 4788
5438297 4789
23260889 4790
27587240 4791
10858032 4792
13920892 4793
42455149 4794
2127137 4795
24229336 4796
5303564 4797
4003601 4798
14689214 4799
4701388 4800
14776763 4801
48899836 4802
21676135 4803
8158359 4804
48840172 4805
39539134 4806
12384284 4807
38682668 4808
22786636 4809
32458035 4810
48773377 4811
49418333 4812
42572236 4813
6597580 4814
49898996 4815
30632333 4816
6176389 4817
10255145 4818
26723068 4819
35808166 4820
38766036 4821
15160456 4822
3557619 4823
16080357 4824
3002671 4825
21638637 4826
3411544 4827
15011791 4828
10704525 4829
48663375 4830
2297131 4831
3074524 4832
31633574 4833
21605858 4834
45935936 4835
9137551 4836
1008363 4837
28454363 4838
11681463 4839
13350174 4840
48861933 4841
21176527 4842
2417472 4843
2626809 4844
21596725 4845
12823722 4846
26457880 4847
35021231 4848
32427544 4849
10688454 4850
6867043 4851
34751205 4852
41300331 4853
21947268 4854
6229229 4855
2031036 4856
8173271 4857
26000050 4858
47766173 4859
32115747 4860
5166925 4861
49059873 4862
7683805 4863
48653129 4864
8944537 4865
37770323 4866
22142521 4867
36061185 4868
40642793 4869
49761787 4870
34920532 4871
49480502 4872
13989047 4873
3834380 4874
20712323 4875
14693028 4876
9465774 4877
4737302 4878
3627209 4879
38649651 4880
3327330 4881
48552471 4882
13389412 4883
26693740 4884
42694932 4885
48065862 4886
47111031 4887
49611834 4888
46726403 4889
3400334 4890
31430875 4891
47775046 4892
13778903 4893
5247116 4894
49593921 4895
21323899 4896
5506894 4897
13171969 4898
4839999 4899
42794719 4900
20919587 4901
47192154 4902
7851811 4903
40338335 4904
6555271 4905
47667425 4906
29069289 4907
47903396 4908
2826467 4909
6575213 4910
49635982 4911
4037159 4912
3567482 4913
32966527 4914
2769208 4915
6404716 4916
30270737 4917
48900583 4918
41470626 4919
26018001 4920
31645397 4921
12862424 4922
23655919 4923
3878601 4924
27389264 4925
2553227 4926
48675391 4927
19494079 4928
36517031 4929
25989605 4930
6104625 4931
5825208 4932
19895776 4933
2492011 4934
27646044 4935
49278795 4936
3700752 4937
19034730 4938
10067398 4939
32684682 4940
31531296 4941
22045968 4942
48507500 4943
15046510 4944
20131065 4945
10475295 4946
6754261 4947
6656229 4948
5176721 4949
12135882 4950
41991639 4951
33640885 4952
14878013 4953
3603816 4954
3359125 4955
5932412 4956
32211873 4957
5141704 4958
49228798 4959
6585176 4960
49493994 4961
49681765 4962
9571783 4963
49144574 4964
19785534 4965
22732745 4966
49402079 4967
16168158 4968
33907594 4969
48177611 4970
48416679 4971
5629265 4972
11430053 4973
8164832 4974
48978343 4975
48374846 4976
3733510 4977
15319819 4978
49558028 4979
9002188 4980
7030591 4981
9637414 4982
5444713 4983
21027213 4984
17155303 4985
15329100 4986
45573498 4987
49344396 4988
38433321 4989
48351163 4990
40455362 4991
40878309 4992
48703051 4993
7236128 4994
41805594 4995
15233925 4996
8575857 4997
15689254 4998
3586326 4999
