20862 5 20862
23977 7 17914
7907 5 7907
4184 7 4184
4178 5 4178
4057 5 4057
15401 7 15401
17559 7 17560
7387 5 7389
12594 7 12594
15343 7 24934
20857 5 7679
13380 5 13380
17858 7 17858
19686 7 12724
18784 5 18784
13929 7 13929
12384 5 12384
7978 5 6226
12299 5 12299
7103 7 7103
19077 5 19077
5862 5 5862
14001 5 14002
7650 5 7650
18565 7 18565
869 5 869
20156 7 20161
18944 7 18944
744 5 744
8497 5 8497
7905 7 7905
13929 5 13929
8883 7 8883
15613 7 14319
4059 7 4059
5148 5 5158
10351 7 10351
19689 5 19689
20161 5 20156
7373 7 7368
22757 7 22757
7990 5 12636
22756 5 22756
5872 7 18484
19728 5 12391
16939 5 16939
2289 7 2289
11839 7 11839
23919 7 24563
5141 5 5141
4092 5 3909
9572 7 9572
7230 7 7230
4176 7 4176
15290 7 11622
24491 5 7596
21270 7 20310
2124 5 1308
9401 5 9401
16906 5 16906
5724 7 8913
12710 7 12710
14011 5 6290
22781 5 22781
24119 5 5844
22631 5 22631
7987 7 7987
12854 5 17059
17567 5 11104
16872 5 13405
1196 7 1196
13368 7 13374
4763 7 4763
13553 7 3703
20788 5 9686
12719 7 12719
18922 5 18922
5725 5 5725
5821 7 5821
23329 7 23329
22639 5 9701
21137 7 21137
24897 7 24897
3692 7 13811
6742 5 6742
18700 5 3726
14188 7 20487
20310 5 21270
16882 5 16882
14613 7 1799
7231 7 7231
17395 5 17391
4068 7 4068
15084 7 6185
727 5 727
8558 7 8558
9158 5 9158
914 7 13840
4177 5 4177
23720 7 23720
1092 5 1092
14267 7 14267
7045 5 7045
19476 7 19476
3959 7 3959
9206 5 9206
7596 7 24491
3276 7 16543
6586 7 20485
21520 7 22002
15452 5 22256
15871 5 11955
7237 5 7237
9175 5 14895
8635 5 8634
930 5 930
22796 5 22796
22428 5 22428
167 5 167
10400 7 10400
13508 7 13508
15312 7 15439
20065 5 11101
13725 7 13725
16440 5 10851
17059 7 12854
511 7 511
7231 5 7231
13273 5 13273
3996 7 3996
10045 7 10045
18725 5 18725
514 7 514
10104 7 10104
7596 7 18033
21572 5 17426
11284 7 11284
1907 7 1907
12100 7 16669
12720 7 12720
24755 7 9150
18495 7 18495
9077 7 9069
13362 5 13368
2 7 23451
15942 5 1114
15438 5 15436
22762 5 22762
24029 5 6265
12649 5 2
7752 5 7752
8151 5 8213
5749 7 24003
5326 7 5398
21064 5 21075
19686 5 19686
16955 5 16955
19237 5 19237
5691 7 21340
18547 5 18547
18923 7 18923
7986 7 7986
8896 7 8915
21638 5 21775
4066 5 4066
22715 5 22715
7048 7 7048
16613 7 16613
4062 5 4062
4180 5 4180
12636 7 7990
4175 7 4175
11579 7 11579
14021 7 18759
5144 7 5144
7948 7 8167
12597 5 3005
900 7 900
2271 5 2171
19966 5 19966
123 5 123
16964 7 16964
3997 7 3997
6290 7 14011
9686 7 20788
9684 5 9684
19661 5 23922
18906 5 10491
16254 7 16254
16945 5 16945
3475 5 9498
21340 5 5691
22766 5 22766
7238 5 7238
14135 7 14136
9770 7 9770
4172 5 4172
3765 5 12093
22636 7 22636
16945 7 16945
3993 5 3993
23615 7 23615
3726 7 18700
7492 7 18543
6310 5 6310
4067 5 4067
17469 5 17469
10851 7 16440
1896 5 1896
4181 7 4181
24025 5 19540
21075 7 21080
24595 5 24575
18673 7 12596
18587 7 18587
9108 7 9108
3890 5 3890
166 5 166
18570 7 18573
13144 5 13144
3592 7 8047
16837 5 16837
4179 5 4179
12664 5 8245
22803 7 22803
4065 7 4065
15268 7 20810
1896 7 1896
20312 5 21269
22510 5 22433
4053 7 4053
5669 7 20066
20066 5 5669
545 7 545
22804 5 22804
19008 7 19367
23664 7 23664
5076 5 5076
5836 5 5836
715 7 715
11446 5 11437
8047 5 3592
10922 5 10922
13374 5 13368
22155 5 22155
18547 7 18547
19996 7 19996
12438 5 7675
5421 5 5421
21769 5 99
4183 5 4183
19998 7 19998
6290 7 24018
16270 7 21700
16607 7 16607
13581 7 19362
22754 7 22754
15395 5 15395
14388 5 22849
21775 7 21638
3695 5 3695
7200 5 6684
9157 5 9157
744 7 744
16985 7 16985
16965 5 16965
13994 7 13994
6265 7 24029
19280 7 19280
930 7 930
3995 5 3995
22130 5 22130
1502 7 1502
9541 7 23413
18922 7 18922
4653 7 4647
15382 5 8756
5240 7 5240
2910 7 20886
5481 5 5481
3909 7 4092
21075 7 21072
16965 7 16965
22631 7 22631
20879 7 19217
17391 7 17395
18951 5 580
4055 5 4055
16404 5 16404
23776 7 14009
5749 7 24014
19391 5 19391
13437 5 13437
869 7 869
22763 7 22763
18482 7 18482
6743 5 6743
13121 5 13121
23792 5 23792
19391 7 19391
4336 7 4336
23720 5 23720
11363 7 11363
7726 5 7726
7103 5 7103
20852 7 20852
7692 5 7692
18953 7 18953
10220 5 10220
9701 7 22639
11548 7 11548
10351 5 10351
23837 5 23837
19056 5 19056
13292 5 13292
9770 5 9770
1051 7 1051
21137 5 21137
900 5 900
7278 5 7278
14036 5 12989
22636 5 22636
7102 5 7102
19364 5 14411
23907 5 22256
24680 5 9701
13121 7 13121
17905 5 17905
10180 7 19401
24646 7 24646
16871 7 16871
16865 5 16865
19835 7 19835
16855 7 16855
7209 5 7209
18953 5 18953
23166 5 23156
518 5 518
1680 7 10722
4173 5 4173
4102 7 4102
16935 5 16935
2 7 23592
859 5 859
7273 5 7273
7693 5 7693
17905 7 17905
18000 7 18000
5789 7 13622
7649 5 7649
780 7 11832
23507 5 11075
1040 7 22474
13438 5 13438
11104 7 17567
8468 7 8468
18924 7 18924
19375 7 19375
18722 5 18722
11574 7 11574
4133 7 4133
5141 7 5141
5457 5 5457
17587 5 17587
1325 5 1325
16825 5 16825
19476 5 19476
12989 7 14036
19372 5 23977
8944 5 8932
17587 7 17587
4054 7 4054
7975 5 3591
8887 7 8887
13864 7 20305
12299 7 12299
14267 5 14267
21023 7 21023
17469 7 17469
16935 7 16935
7986 5 7986
22796 7 22796
22433 7 22510
11773 5 11773
19077 7 19077
13427 5 13427
9684 7 9684
17470 5 17470
4175 5 4175
17925 7 17925
23626 7 23626
8420 7 7973
718 5 662
20002 7 20002
16613 5 16613
7987 5 7987
7913 5 7913
167 7 167
22155 7 22155
4171 5 4171
21434 5 8245
7973 5 8420
11622 5 15290
10272 7 10272
5749 7 5749
24023 5 5749
3887 7 3887
10400 5 10400
17925 5 17925
7916 7 7916
24934 5 15343
10553 7 9525
16964 5 16964
21081 5 21075
10844 5 10844
24014 5 5749
3003 7 20618
15818 5 1198
12716 5 12716
5821 5 5821
6285 7 6285
7599 7 24686
18615 7 18615
4384 5 4384
13376 5 13368
15810 5 11695
18944 5 18944
3992 5 3992
3890 7 3890
3905 7 3905
20494 7 20501
19722 7 19722
8887 5 8887
14287 7 12444
22759 7 22759
5398 5 5326
6260 5 6260
17983 5 15268
21700 5 16270
7363 5 7386
3278 5 2682
9158 7 9158
19401 5 10180
14025 7 20271
5749 5 5749
7045 7 7045
20815 5 20816
23999 5 5749
1617 7 1617
14411 7 19364
9743 5 9743
5132 7 4871
22459 5 4663
20162 5 15287
670 5 670
1603 5 1916
15303 5 15303
24016 5 24016
12444 5 14287
8523 7 18502
2703 5 2703
6497 7 23262
22771 5 22771
727 7 727
12554 7 21889
24223 7 24223
13437 7 13437
17499 7 17499
20708 5 20708
14023 7 19652
20862 7 20862
15396 5 15396
19232 5 19232
16830 7 16830
7237 7 7237
3509 5 3509
7956 7 7936
16875 5 16875
16401 7 16401
11579 5 11579
7240 7 7240
20071 5 20071
16128 5 16300
9401 7 9401
11444 5 18446
14029 5 14029
15395 7 15395
8886 5 8886
4763 5 4763
723 7 911
16300 7 16128
12167 7 12167
24018 5 6290
2703 7 2703
19722 5 19722
22624 7 22624
1725 5 1725
11966 5 19956
8912 7 14049
4179 7 4179
23585 7 2721
10045 5 10045
5824 5 6303
1196 5 1196
19817 5 15221
14029 7 14029
511 5 511
10922 7 10922
4062 7 4062
3935 5 3935
1912 7 1912
4147 5 4147
12209 5 12209
18291 5 18293
4172 7 4172
15860 5 1575
22804 7 22804
6737 7 6737
18587 5 18587
17499 5 17499
7905 5 7905
1799 5 14613
15065 5 14885
16543 5 3276
4177 7 4177
16693 7 15828
10398 5 9296
5421 7 5421
13393 7 13393
8905 5 5787
200 7 16668
16405 5 16405
4514 7 19365
16823 7 16823
15436 7 15438
7979 7 8049
18528 7 18528
4384 7 4384
15828 5 16693
7232 5 7232
1916 7 1603
3005 7 12597
5197 5 1038
1114 7 15942
15401 5 15401
10722 5 1680
6303 7 5824
13510 7 13510
19690 5 19690
9493 7 23540
3992 7 3992
12720 5 12720
10047 7 10047
16986 7 5080
9525 5 10553
7390 5 7379
1912 5 1912
4180 7 4180
23837 7 23837
16254 5 16254
4068 5 4068
19680 7 21904
12673 7 12673
5511 7 5511
11839 5 11839
8245 7 12664
12594 5 12594
18543 5 7492
19998 5 19998
7694 5 7694
19056 7 19056
14895 7 9175
24406 7 4861
11642 7 11642
4067 7 4067
22041 5 22041
10539 7 10539
8496 7 8496
19266 5 23921
10404 7 10404
17514 5 14974
1502 5 1502
4663 7 22459
4184 5 4184
17821 7 810
16538 5 7699
9150 5 24755
10272 5 10272
16789 5 16789
17202 7 20831
19684 5 19685
3954 7 3954
7941 5 7941
662 7 718
1051 5 1051
13528 7 19359
8885 7 8885
8915 5 8896
16954 5 16954
17978 7 20124
7230 5 7230
5511 5 5511
19359 5 13528
16939 7 16939
8497 7 8497
15394 5 15394
9412 7 9414
5076 7 5076
3994 7 3994
12710 5 12710
4871 5 5132
18671 7 18671
19996 5 19996
3509 7 3509
14304 7 14304
10724 5 1680
22256 7 15452
7941 7 7941
24646 5 24646
16871 5 16871
13427 7 13427
715 5 715
23540 5 9493
16882 7 16882
13402 5 13402
7919 7 7919
17037 7 5869
4055 7 4055
10216 7 2843
2678 7 2678
18924 5 18924
2 7 12649
13510 5 13510
23413 5 9541
4058 7 4058
20485 5 6586
23592 5 2
13622 5 5789
4181 5 4181
7919 5 7919
13624 5 13624
16912 5 16912
3996 5 3996
580 7 18951
21080 5 21075
21098 7 5520
16904 7 16904
13411 7 13411
5836 7 5836
4762 5 4762
15460 7 22273
7238 7 7238
16824 5 16988
19956 7 11966
16379 5 6308
515 5 515
9296 7 10398
15745 7 24165
7917 5 7917
4555 7 7035
2635 7 22172
3078 5 3078
3703 5 13553
16789 7 16789
7389 7 7387
764 7 764
4063 5 4063
1491 5 1491
22409 5 8294
12209 7 12209
8594 7 8594
5240 5 5240
15396 7 15396
18952 5 18952
21075 7 21064
21075 7 21082
20163 5 20159
20864 5 20864
2653 5 2653
20816 7 20815
5725 7 5725
15287 7 20162
16855 5 16855
13536 7 13580
20852 5 20852
13368 7 13376
3993 7 3993
23792 7 23792
8756 7 15382
22760 7 22760
18615 5 18615
4636 7 4644
13291 5 13291
7233 5 7233
24165 5 15745
6260 7 6260
10104 5 10104
22651 5 24672
9414 5 9412
22757 5 22757
10404 5 10404
15303 7 15303
5143 7 5143
545 5 545
16988 7 16824
10844 7 10844
13644 5 13644
15439 5 15312
765 5 765
8496 5 8496
19995 7 19995
24672 7 22651
4185 5 4185
4178 7 4178
5844 7 24119
21075 7 21081
19686 7 19686
8932 7 8944
9206 7 9206
16600 7 16600
13624 7 13624
2682 7 3278
13418 7 13418
3591 7 7975
16875 7 16875
20831 5 17202
3994 5 3994
8884 5 8884
18565 5 18565
8886 7 8886
12167 5 12167
3695 7 3695
23921 7 19266
12928 5 9522
5457 7 5457
14974 7 17514
22761 5 22761
13438 7 13438
22256 7 23907
16972 7 16972
17426 7 21572
20618 5 3003
16600 5 16600
24821 5 24821
23262 5 6497
4056 5 4056
12384 7 12384
5512 5 5512
7395 7 7370
2843 5 10216
1123 7 14006
2721 5 23585
22760 5 22760
9069 5 9077
18484 5 5872
1470 5 1680
24686 5 7599
7693 7 7693
671 5 671
2419 7 2360
22595 5 22595
12391 7 19728
9498 7 3475
7370 5 7395
5857 7 5857
14009 5 23776
16401 5 16401
11574 5 11574
7906 7 7906
6226 7 7978
13930 5 13930
1038 7 5197
8913 5 5724
16865 7 16865
764 5 764
7675 7 12438
14002 7 14001
5749 7 24023
16830 5 16830
99 7 21769
13292 7 13292
4174 5 4174
123 7 123
1198 7 15818
19375 5 19375
8884 7 8884
671 7 671
13536 7 21702
2360 5 2419
20501 5 20494
166 7 166
22770 5 22770
19367 5 19008
4054 5 4054
16669 5 12100
8070 7 8070
19280 5 19280
21082 5 21075
2289 5 2289
22759 5 22759
10220 7 10220
6737 5 6737
4183 7 4183
19760 7 19760
7650 7 7650
7241 7 7241
5749 7 23999
5325 5 5409
4861 5 24406
16668 5 200
16904 5 16904
8134 7 7944
24905 5 3085
9522 7 12928
3998 5 3998
12596 5 18673
24019 5 5749
3887 5 3887
21904 5 19680
24656 7 24650
13994 5 13994
17858 5 17858
22761 7 22761
8671 5 6879
24976 7 24976
20159 7 20163
23156 7 23166
6281 5 6280
16954 7 16954
11642 5 11642
13273 7 13273
13580 5 13536
24897 5 24897
18949 5 18949
14518 7 14518
23615 5 23615
24563 5 23919
18495 5 18495
24575 7 24595
9743 7 9743
8759 5 2631
23664 5 23664
7917 7 7917
19966 7 19966
16985 5 16985
4383 5 4383
1069 7 1069
7944 5 8134
3078 7 3078
6248 5 6248
5857 5 5857
13725 5 13725
7229 5 7229
15394 7 15394
4065 5 4065
3995 7 3995
7239 7 7239
6280 7 6281
16955 7 16955
14136 5 14135
1424 7 1424
13405 7 16872
19690 7 19690
21023 5 21023
7916 5 7916
20864 7 20864
5719 7 18602
4133 5 4133
16832 5 16832
10539 5 10539
18784 7 18784
24976 5 24976
1680 7 10724
20628 7 20628
1308 7 2124
19997 7 19997
3997 5 3997
20124 5 17978
16405 7 16405
3905 5 3905
3998 7 3998
16837 7 16837
20810 5 15268
11955 7 15871
670 7 670
16825 7 16825
7229 7 7229
18955 7 18955
4185 7 4185
18502 5 8523
10047 5 10047
19574 7 19574
8065 7 8067
24821 7 24821
6684 7 7200
17781 7 5199
4063 7 4063
22428 7 22428
4176 5 4176
7368 5 7373
8634 7 8635
859 7 859
17498 5 9449
19997 5 19997
11437 7 11446
21072 5 21075
8070 5 8070
4066 7 4066
13368 7 13362
13508 5 13508
22763 5 22763
5481 7 5481
19652 5 14023
17756 5 17756
8448 7 8448
22849 7 14388
18722 7 18722
7240 5 7240
12724 5 19686
4173 7 4173
23793 5 23793
21348 5 21348
23793 7 23793
13411 5 13411
1491 7 1491
4147 7 4147
10580 5 10578
21348 7 21348
22172 5 2635
17560 5 17559
18446 7 11444
22803 5 22803
6308 7 16379
5512 7 5512
18949 7 18949
6741 5 6741
23977 7 19372
4366 7 16843
7048 5 7048
24744 5 24744
8594 5 8594
7232 7 7232
22041 7 22041
22002 5 21520
19232 7 19232
2678 5 2678
810 5 17821
6741 7 6741
13144 7 13144
22770 7 22770
514 5 514
9157 7 9157
13380 7 13380
7382 5 7384
19217 5 20879
23626 5 23626
20886 5 2910
17756 7 17756
4058 5 4058
18573 5 18570
515 7 515
23922 7 19661
1424 5 1424
12093 7 3765
22754 5 22754
4383 7 4383
9449 7 17498
8371 7 20279
21075 7 21073
8294 7 22409
8167 5 7948
20054 5 5849
15221 7 19817
17979 5 21429
18759 5 14021
7752 7 7752
11075 7 23507
4102 5 4102
19574 5 19574
22762 7 22762
21702 5 13536
16404 7 16404
4644 5 4636
18000 5 18000
7913 7 7913
7726 7 7726
8883 5 8883
23496 7 23506
21073 5 21075
7692 7 7692
1069 5 1069
18033 5 7596
16906 7 16906
18955 5 18955
5188 5 23977
1725 7 1725
14049 5 8912
18293 7 18291
7176 7 24211
8409 5 8409
7241 5 7241
4171 7 4171
765 7 765
14518 5 14518
19237 7 19237
6879 7 8671
518 7 518
16832 7 16832
3085 7 24905
12716 7 12716
20279 5 8371
8245 7 21434
8213 7 8151
8885 5 8885
5080 5 16986
5144 5 5144
24223 5 24223
12673 5 12673
22758 7 22758
1617 5 1617
16912 7 16912
14006 5 1123
11695 7 15810
18923 5 18923
17914 5 23977
21429 7 17979
1680 7 1470
11832 5 780
3959 5 3959
13840 5 914
1092 7 1092
6285 5 6285
22595 7 22595
19540 7 24025
20305 5 13864
16843 5 4366
7102 7 7102
13930 7 13930
2631 7 8759
9108 5 9108
19689 7 19689
13811 5 3692
22273 5 15460
911 5 723
18940 5 18940
23891 5 23891
23506 5 23496
1907 5 1907
18696 5 18696
7007 7 7028
20002 5 20002
8468 5 8468
5849 7 20054
8448 5 8448
6248 7 6248
7384 7 7382
20071 7 20071
7278 7 7278
4056 7 4056
7679 7 20857
11363 5 11363
22624 5 22624
22781 7 22781
14304 5 14304
18940 7 18940
7273 7 7273
24650 5 24656
17470 7 17470
20708 7 20708
11773 7 11773
19760 5 19760
7649 7 7649
7906 5 7906
9572 5 9572
24211 5 7176
4336 5 4336
22130 7 22130
7907 7 7907
21889 5 12554
24744 7 24744
20271 5 14025
7379 7 7390
4647 5 4653
6743 7 6743
13393 5 13393
13402 7 13402
20487 5 14188
14885 7 15065
7028 5 7007
11548 5 11548
23451 5 2
14940 7 14940
12719 5 12719
16607 5 16607
8371 7 20285
5862 7 5862
8049 5 7979
9701 7 24680
22715 7 22715
4059 5 4059
23977 7 5188
5869 5 17037
22474 5 1040
20285 5 8371
8409 7 8409
7233 7 7233
24003 5 5749
22758 5 22758
4174 7 4174
18725 7 18725
5787 7 8905
5158 7 5148
4762 7 4762
7699 7 16538
5143 5 5143
11284 5 11284
7936 5 7956
24564 5 23919
13644 7 13644
4053 5 4053
18602 5 5719
20628 5 20628
13418 5 13418
19365 5 4514
2653 7 2653
21269 7 20312
13291 7 13291
5409 7 5325
2171 7 2271
13368 7 13365
7694 7 7694
18952 7 18952
5520 5 21098
24016 7 24016
11101 7 20065
19524 5 19524
16972 5 16972
19524 7 19524
18528 5 18528
15268 7 17983
7035 5 4555
18696 7 18696
1575 7 15860
5199 5 17781
18671 5 18671
19685 7 19684
10578 7 10580
8067 5 8065
3954 5 3954
22766 7 22766
7239 5 7239
16823 5 16823
13365 5 13368
8558 5 8558
14940 5 14940
1325 7 1325
14319 5 15613
23919 7 24564
7209 7 7209
7386 7 7363
19995 5 19995
3935 7 3935
22771 7 22771
22095 5 22095
1286 5 1316
4057 7 4057
11897 7 11792
23329 5 23329
23891 7 23891
19835 5 19835
18482 5 18482
5749 7 24019
22756 7 22756
11792 5 11897
19362 5 13581
6310 7 6310
22095 7 22095
1316 7 1286
6185 5 15084
6742 7 6742
24999 7 18906
